000000.png 712,151,838,196 803,150,870,183 482,151,544,167
000001.png 744,152,876,200 972,153,1088,178 403,153,470,168
000002.png 780,153,913,200 317,157,391,171 627,156,727,178 627,156,729,191 907,156,1005,172 902,156,1007,189
000003.png 812,156,950,204 222,159,302,176 552,159,652,179 551,159,653,192
000004.png 844,158,989,208 758,162,851,196 478,160,578,179 118,160,206,179 767,162,851,184 115,159,209,190
000005.png 880,157,1024,208 679,161,789,194 401,159,495,179 681,161,784,185 0,159,71,177
000006.png 916,159,1058,209 284,159,403,179 625,161,713,178
000007.png 947,159,1088,210 191,161,306,182
000008.png 977,161,1112,211 42,162,192,188 431,165,561,195
000009.png 1002,161,1134,211 0,163,58,187 353,165,449,187 0,162,59,219
000010.png 1024,161,1149,210 240,164,366,187
000011.png 1039,161,1157,209 111,163,247,188
000012.png 1049,162,1160,208 0,160,102,189
000013.png 1055,163,1159,208
000014.png 1056,164,1153,207
000015.png 1054,166,1144,207
000016.png 1047,164,1130,203
000017.png 1037,165,1117,203
000018.png 1023,167,1095,205
000019.png 1007,167,1072,202 1181,161,1237,185
000020.png 989,169,1049,202
000021.png 970,171,1023,202 1176,169,1200,184
000022.png 948,173,1000,203
000023.png 927,174,975,202 1135,171,1154,182 1092,170,1128,183
000024.png 907,172,949,200 1057,166,1081,180
000025.png 886,172,929,199
000026.png 869,174,905,200 956,170,978,186
000027.png 852,174,885,198 929,170,951,185
000028.png 833,172,867,196
000029.png 816,171,847,195
000030.png 800,175,828,198
000031.png 782,176,811,198
000032.png 768,176,795,196
000033.png 751,175,777,196
000034.png 733,176,758,195
000035.png 718,175,744,195 965,245,989,374
000036.png 703,175,729,195 655,175,669,185
000037.png 689,173,714,195 509,182,549,195
000038.png 677,174,700,194
000039.png 454,184,497,197 667,173,688,194 766,199,774,233
000040.png 658,172,678,191 425,184,472,199 420,184,472,204 761,201,771,236
000041.png 391,186,447,208 757,202,769,239 648,172,670,191
000042.png 357,188,416,205 642,174,663,190 756,202,768,243
000043.png 317,188,384,205 635,172,657,188
000044.png 243,189,346,221 518,175,537,187 630,172,650,188
000045.png 175,195,302,227 624,174,645,189 587,172,604,185 763,210,777,259
000046.png 82,200,245,237 619,176,641,190 576,177,592,187
000047.png 1,207,166,245 616,177,636,193 422,188,461,201 0,205,235,289 566,177,585,189 469,183,498,197
000048.png 0,212,59,248 394,190,442,207 612,177,632,193 559,178,575,190 457,184,485,198
000049.png 372,190,422,208 611,177,631,194 812,231,839,309 445,185,472,200
000050.png 342,193,399,212 610,178,628,195 1,271,54,325
000051.png 305,195,372,219 882,252,926,364 417,188,445,203 609,179,628,196
000052.png 261,198,341,222 399,188,431,205 949,270,1006,375
000053.png 201,200,303,231 1063,298,1112,375 377,188,416,207
000054.png 126,200,251,237 355,188,400,208 508,180,531,197
000055.png 8,203,185,249 332,188,381,210 608,176,629,190
000056.png 303,190,359,215 0,210,85,253 607,177,630,189
000057.png 271,191,339,218 480,181,508,197 612,176,633,188
000058.png 232,194,309,225 470,182,499,201
000059.png 183,195,271,229 460,183,490,201
000060.png 122,198,230,238 447,184,481,206 446,185,481,217
000061.png 42,200,178,248 434,185,472,204
000062.png 0,202,107,251 421,185,459,204
000063.png 395,186,445,207
000064.png 372,188,427,214
000065.png 344,189,405,218 634,177,654,193
000066.png 304,190,381,222 638,176,657,191
000067.png 254,190,348,227
000068.png 185,190,307,236
000069.png 82,194,248,252
000070.png 0,200,162,268 650,173,668,187
000071.png
000072.png
000073.png
000074.png
000075.png
000076.png
000077.png
000078.png
000079.png 676,173,695,183
000080.png 461,187,493,204 679,171,697,183
000081.png 446,187,481,207 681,171,699,182
000082.png 429,188,469,208 683,171,701,183
000083.png 407,190,452,212 685,172,702,183
000084.png 380,192,432,217
000085.png 344,195,405,223 607,56,828,82
000086.png 294,196,374,232
000087.png 226,199,328,239
000088.png 127,204,266,253 135,42,907,93
000089.png 0,211,169,282 91,33,936,92
000090.png 50,23,940,86 686,167,701,184 0,250,14,274
000091.png 0,16,855,78
000092.png 686,170,699,184
000093.png 685,171,698,183
000094.png
000095.png
000096.png
000097.png
000098.png
000099.png
000100.png
000101.png 1,288,77,316
000102.png 389,189,428,219 368,196,397,222
000103.png 351,189,404,223 1165,32,1240,119
000104.png 304,191,368,229 1218,17,1240,113
000105.png 242,194,326,242
000106.png 151,198,263,256
000107.png 12,203,167,279
000108.png
000109.png
000110.png
000111.png
000112.png
000113.png 669,170,683,181
000114.png
000115.png
000116.png 667,170,682,181
000117.png
000118.png
000119.png
000120.png
000121.png
000122.png
000123.png
000124.png
000125.png
000126.png 586,251,611,289
000127.png
000128.png
000129.png
000130.png
000131.png
000132.png
000133.png
000134.png
000135.png
000136.png
000137.png
000138.png
000139.png
000140.png
000141.png 512,183,540,197
000142.png 498,185,528,200
000143.png 476,186,516,205 558,178,580,190
000144.png 453,189,498,212 552,179,574,192 926,162,968,176
000145.png 422,192,479,218 921,163,960,177
000146.png 379,195,454,231 917,164,958,178 533,181,559,197 504,175,532,199
000147.png 315,199,415,244 911,165,954,179 492,184,521,201 523,183,549,199 1031,162,1064,177
000148.png 208,206,359,266 1021,157,1086,178 906,164,952,179 480,183,512,203 0,215,62,237 509,183,536,202
000149.png 2,217,259,304 1018,156,1084,177 0,227,68,305 463,183,494,205 902,163,946,179 490,182,522,204
000150.png 1013,157,1080,177 897,163,942,180 465,183,509,208 444,184,473,207
000151.png 892,165,938,182 423,185,493,215 1013,159,1082,178
000152.png 396,186,468,222 1008,160,1077,179 886,165,933,183
000153.png 342,187,435,231 882,166,930,183 1004,160,1075,180 591,177,606,188 603,247,627,280
000154.png 874,168,924,185 250,188,396,249 999,161,1072,180 583,178,601,189 523,182,552,197
000155.png 73,199,306,293 283,190,356,233 870,168,919,186 998,162,1071,183 509,183,544,198 577,178,595,190
000156.png 175,192,303,248 864,169,912,186 992,162,1068,185 568,178,587,189 0,209,138,301 496,184,530,199
000157.png 40,197,228,269 858,169,907,187 473,185,516,206 989,163,1067,186 560,179,580,190
000158.png 0,203,109,281 850,170,898,189 982,164,1061,186 450,187,501,208 550,179,571,191
000159.png 980,166,1060,188 416,189,481,215 848,171,896,190 539,179,561,194
000160.png 974,166,1054,188 837,172,884,192 373,190,456,228 376,190,456,217 528,181,552,197
000161.png 970,168,1055,191 515,181,543,199 829,172,880,192 308,194,419,245
000162.png 200,199,365,277 966,168,1054,192 500,182,531,201 824,173,880,193 671,170,685,184 766,145,780,168
000163.png 0,207,275,295 962,168,1055,193 482,183,517,203 818,173,873,194 669,171,684,184
000164.png 959,169,1049,195 458,185,501,210 812,173,867,195 0,228,90,303
000165.png 431,187,480,217 806,173,860,197 947,169,1047,197
000166.png 395,190,454,224 950,169,1045,198 799,173,856,197
000167.png 340,194,421,237 945,172,1042,199 794,175,852,199
000168.png 261,200,372,257 940,172,1047,201 789,176,845,201
000169.png 117,208,294,288 934,172,1047,202 783,176,842,204
000170.png 0,223,142,319 930,173,1045,203 777,177,837,204 542,187,561,197
000171.png 926,174,1045,207 772,177,831,206 532,186,555,197
000172.png 920,176,1042,210 768,178,827,207 521,187,543,200
000173.png 916,178,1042,214 762,179,822,207 511,188,534,202
000174.png 912,180,1042,218 756,180,818,209 497,188,524,203
000175.png 907,179,1043,220 753,179,814,210 482,191,512,207
000176.png 905,180,1045,224 749,179,811,210 467,191,498,208
000177.png 901,180,1047,223 447,192,483,210 745,178,808,211
000178.png 897,180,1052,227 743,178,806,212 422,192,465,214
000179.png 895,180,1057,230 742,179,805,213 391,194,442,221
000180.png 893,180,1062,234 739,178,805,214 350,196,412,231
000181.png 890,181,1072,237 737,177,804,215 292,199,373,241
000182.png 889,181,1083,243 208,204,319,256 737,179,803,217
000183.png 889,185,1097,251 64,212,235,281 735,181,804,221
000184.png 888,186,1112,258 0,224,90,301 734,181,806,223
000185.png 891,188,1132,265 735,181,806,225
000186.png 893,189,1158,274 733,182,808,227
000187.png 898,189,1194,283 733,182,810,230
000188.png 906,190,1238,297 733,182,814,232
000189.png 917,191,1240,312 734,181,818,234
000190.png 933,194,1240,334 735,181,824,237
000191.png 958,197,1240,360 737,180,832,240
000192.png 989,201,1240,357 741,179,841,243
000193.png 1034,216,1240,371 744,179,852,248 1026,191,1038,222
000194.png 749,180,866,253 1100,261,1240,374 511,187,534,202
000195.png 753,179,882,259 497,186,524,205 1198,297,1240,374
000196.png 759,177,900,265 483,187,511,206
000197.png 767,177,923,273 467,187,498,208 535,183,558,199
000198.png 775,177,953,282 447,188,483,210 524,184,550,201
000199.png 787,176,989,292 422,188,466,214 511,185,540,202
000200.png 803,175,1037,307 394,189,445,218 496,189,528,208
000201.png 821,175,1100,326 358,192,418,225 481,187,515,208
000202.png 844,178,1188,354 308,193,386,234 460,189,505,217
000203.png 871,181,1240,372 236,197,342,247 434,191,487,225 930,126,952,149
000204.png 907,182,1240,373 125,199,276,264 399,192,464,233 993,115,1021,142
000205.png 954,181,1240,371 0,205,173,294 349,194,433,239 1091,97,1125,132 527,150,544,167
000206.png 1018,196,1240,371 272,199,390,256 517,149,536,167
000207.png 134,204,322,286 1111,282,1240,372 505,146,526,167
000208.png 0,213,199,332 493,140,515,163
000209.png 475,134,500,160
000210.png 454,127,483,157
000211.png 425,118,460,154
000212.png 386,106,427,149
000213.png 326,88,378,141 470,182,504,204
000214.png 224,56,296,128 450,181,492,205
000215.png 13,0,126,98 429,183,475,213 503,183,526,200
000216.png 398,189,455,222 491,189,517,208
000217.png 357,197,428,237 478,194,526,217
000218.png 302,198,391,248
000219.png 213,193,340,256 445,186,478,208
000220.png 46,188,259,281 420,178,467,209 467,180,494,201
000221.png 0,187,106,285 388,177,445,211
000222.png 346,177,417,216 432,179,468,200
000223.png 285,181,378,230 413,178,455,203
000224.png 186,188,323,254 387,184,435,214 443,183,471,199
000225.png 5,194,231,285 355,187,414,221 426,184,457,204
000226.png 311,188,383,226 406,186,442,205 0,210,49,294
000227.png 384,184,425,208 250,188,343,238
000228.png 158,191,287,252 357,183,404,210 903,191,913,222
000229.png 1,194,204,274 325,185,380,215
000230.png 0,208,61,278 283,185,350,221
000231.png 227,188,311,229
000232.png 147,189,259,239 409,183,440,203
000233.png 24,191,181,256
000234.png 0,198,63,262
000235.png 340,183,387,209
000236.png 306,185,360,216 1186,300,1206,334
000237.png 261,187,327,221
000238.png 201,188,283,230
000239.png 114,188,226,240
000240.png 0,189,141,253
000241.png 750,157,765,173
000242.png
000243.png
000244.png 367,140,386,163 806,140,827,161
000245.png
000246.png 292,127,318,151 880,125,908,154
000247.png 938,121,972,158
000248.png 143,102,184,143
000249.png
000250.png 396,180,428,200 61,121,82,175
000251.png 373,180,413,202
000252.png 344,182,398,206
000253.png 304,180,369,208
000254.png 248,178,335,212
000255.png 164,176,280,215
000256.png 24,175,199,227 307,200,336,215 274,202,308,218
000257.png 0,177,61,228 0,177,73,257
000258.png
000259.png
000260.png
000261.png
000262.png
000263.png
000264.png
000265.png
000266.png
000267.png
000268.png
000269.png
000270.png 938,201,950,240
000271.png
000272.png
000273.png 966,222,1071,251
000274.png
000275.png
000276.png
000277.png
000278.png 319,175,372,200
000279.png 279,175,344,201
000280.png 227,175,307,205
000281.png 156,175,260,211
000282.png 47,174,190,217
000283.png 0,175,89,224
000284.png
000285.png
000286.png
000287.png
000288.png
000289.png
000290.png
000291.png
000292.png
000293.png
000294.png 313,133,335,155
000295.png
000296.png
000297.png 93,94,133,137
000298.png
000299.png
000300.png 352,176,398,196
000301.png 315,175,371,203
000302.png 269,174,336,203
000303.png 202,174,290,207
000304.png 101,174,226,214
000305.png 0,174,141,248 0,174,131,220
000306.png
000307.png
000308.png
000309.png
000310.png
000311.png
000312.png
000313.png
000314.png
000315.png
000316.png
000317.png
000318.png
000319.png
000320.png
000321.png
000322.png
000323.png
000324.png
000325.png
000326.png
000327.png
000328.png
000329.png
000330.png
000331.png 81,216,110,236
000332.png
000333.png
000334.png
000335.png
000336.png 0,221,54,247
000337.png
000338.png 53,218,87,242
000339.png
000340.png
000341.png
000342.png
000343.png
000344.png 353,175,388,195
000345.png 330,173,371,201
000346.png 303,172,347,198
000347.png 265,173,319,203 474,176,493,186 383,169,394,192
000348.png 218,173,285,207 466,178,486,189
000349.png 157,173,239,213 454,178,478,190
000350.png 70,173,179,218 442,175,469,189 321,167,333,197 516,172,528,183
000351.png 0,172,91,224 424,175,459,191 288,166,303,199 292,167,307,200 513,172,527,183
000352.png 407,173,446,195 510,172,524,184
000353.png 382,174,423,194 507,172,521,185
000354.png 349,173,404,198 110,161,155,214
000355.png 304,174,375,201 0,160,57,225 499,171,515,184
000356.png 238,174,329,206
000357.png 132,170,263,226 491,170,507,184
000358.png 0,168,154,229 485,169,501,185
000359.png
000360.png 470,172,490,186
000361.png 462,171,484,187
000362.png 451,172,474,188
000363.png 440,171,466,190
000364.png 427,170,455,190
000365.png 411,169,443,189
000366.png 393,169,428,191
000367.png 370,169,411,192 5,165,341,189
000368.png 343,169,389,195 3,165,333,193
000369.png 308,168,365,199
000370.png 263,168,332,202
000371.png 199,167,288,206
000372.png 104,166,223,213
000373.png 0,163,128,224
000374.png 1181,232,1239,253
000375.png 1195,234,1240,253 0,171,225,196
000376.png 1208,237,1240,252 0,169,217,196
000377.png
000378.png 0,170,176,197
000379.png
000380.png
000381.png
000382.png
000383.png
000384.png
000385.png 0,233,145,307
000386.png
000387.png
000388.png
000389.png
000390.png
000391.png
000392.png 0,225,28,253
000393.png
000394.png
000395.png 0,224,31,251
000396.png
000397.png
000398.png 0,222,33,247
000399.png
000400.png
000401.png
000402.png
000403.png
000404.png
000405.png
000406.png
000407.png
000408.png
000409.png
000410.png
000411.png
000412.png
000413.png
000414.png
000415.png
000416.png
000417.png
000418.png
000419.png
000420.png 883,185,899,231
000421.png
000422.png
000423.png
000424.png
000425.png
000426.png
000427.png 412,178,440,191
000428.png 393,179,426,195
000429.png 374,180,410,195
000430.png 347,178,391,197
000431.png 313,177,365,201
000432.png 266,177,333,205
000433.png 203,177,288,212
000434.png 108,176,224,220
000435.png 0,175,128,247
000436.png
000437.png
000438.png
000439.png 898,188,911,226 0,309,63,374
000440.png 974,198,990,238 0,297,96,373
000441.png 0,288,124,374
000442.png 0,279,148,373
000443.png 0,263,169,373
000444.png 0,244,187,372
000445.png 0,226,204,373
000446.png 0,216,219,373
000447.png 0,211,233,372
000448.png 0,208,244,372 1069,174,1240,253
000449.png 0,205,256,373
000450.png 0,204,266,373
000451.png 0,201,275,373
000452.png 0,200,285,373
000453.png 0,198,294,372
000454.png 0,197,301,372
000455.png 0,197,310,372
000456.png 0,197,320,373
000457.png 0,196,329,371 706,168,1239,228
000458.png 0,195,337,364
000459.png 0,194,346,361
000460.png 0,193,354,351 1041,189,1058,239
000461.png 0,193,362,344
000462.png 27,192,370,337
000463.png 55,190,379,331 0,224,21,251
000464.png 81,189,387,321
000465.png 107,189,394,317
000466.png 130,189,400,314
000467.png 151,188,408,307
000468.png 171,188,415,302
000469.png 190,188,422,297
000470.png 207,186,428,292
000471.png 224,186,433,288
000472.png 240,185,440,285
000473.png 252,185,444,282
000474.png 267,186,449,278
000475.png 278,187,455,278
000476.png 289,185,458,274 836,185,846,211
000477.png 301,183,462,270 644,153,685,187
000478.png 310,182,465,265 935,189,946,222 644,152,686,187
000479.png 318,187,468,269 644,158,686,193
000480.png 330,192,472,271 646,160,691,196 1160,206,1183,266
000481.png 337,189,476,266
000482.png 343,185,479,262
000483.png 351,185,481,257
000484.png 359,185,484,256
000485.png 365,185,487,255 1198,192,1240,220
000486.png 373,183,489,251
000487.png 378,182,492,248
000488.png 384,182,494,247
000489.png 391,183,498,246
000490.png 396,184,501,247
000491.png 402,183,503,244
000492.png 407,184,505,244
000493.png 412,186,508,244 84,128,103,168
000494.png 417,187,510,243 36,123,58,168
000495.png 422,186,513,241
000496.png 427,185,516,240 914,189,926,223
000497.png 430,184,517,238
000498.png 436,181,520,234
000499.png 439,178,522,231
000500.png 443,177,522,229 770,152,1238,201
000501.png 447,179,523,230
000502.png 450,180,523,229
000503.png 453,181,528,230
000504.png 456,180,531,228
000505.png 459,179,532,226
000506.png 463,180,533,225
000507.png 465,180,535,226 0,225,32,254
000508.png 469,179,537,224
000509.png 472,179,539,224
000510.png 475,180,541,223 0,224,41,256
000511.png 478,179,542,222 440,175,462,189
000512.png 482,180,545,221 427,177,450,191
000513.png 486,179,547,221 411,175,437,192
000514.png 488,180,548,221 394,175,425,193
000515.png 492,180,549,220 373,175,408,194
000516.png 496,180,553,219 343,175,388,198 706,183,722,217
000517.png 499,179,557,218 307,174,359,200 718,184,732,217
000518.png 502,176,559,215 258,173,326,202
000519.png 506,176,561,214 184,172,274,207 743,184,762,226 0,219,41,251
000520.png 508,177,562,214 80,173,204,221
000521.png 512,179,564,215 0,173,91,224 0,173,91,249
000522.png 515,179,566,214 686,138,751,188
000523.png 518,178,567,213
000524.png 520,180,569,213 920,207,960,261
000525.png 522,180,572,213
000526.png 525,178,574,211
000527.png 528,179,575,211
000528.png 530,178,576,211
000529.png 532,177,578,209
000530.png 535,177,579,208
000531.png 536,177,581,208
000532.png 538,179,582,209
000533.png 540,181,583,210
000534.png 543,181,584,210
000535.png 545,180,586,209
000536.png 548,177,587,207
000537.png 549,177,588,207
000538.png 551,179,589,210
000539.png 551,179,590,209
000540.png 553,180,591,209
000541.png 554,177,592,208
000542.png 555,178,593,206
000543.png 557,174,594,202
000544.png 559,173,595,201
000545.png 559,175,595,202
000546.png 560,176,595,203
000547.png 561,177,595,203
000548.png 562,179,596,203
000549.png 562,179,596,204
000550.png 562,178,596,204
000551.png 563,178,595,203 1005,94,1053,140
000552.png 563,178,595,201 1151,63,1218,128
000553.png 563,178,595,202
000554.png 564,178,596,203 1039,180,1239,229
000555.png 565,181,596,205 1060,179,1240,214
000556.png 567,184,597,206
000557.png 566,183,598,205
000558.png 568,183,598,205
000559.png 569,179,598,201
000560.png 569,177,597,198
000561.png 569,175,598,196
000562.png 571,177,598,197
000563.png 572,178,599,199
000564.png 571,178,599,199
000565.png 572,179,599,198
000566.png 573,178,599,197 1040,208,1056,249
000567.png 573,175,599,196 400,136,416,157
000568.png 573,173,600,195
000569.png 574,175,600,195 357,130,377,152
000570.png 574,175,600,196
000571.png 574,176,600,196 288,120,312,145
000572.png 574,175,601,195 235,110,264,140
000573.png 575,175,600,195 965,111,997,144 160,97,195,132
000574.png 575,177,600,196 1053,96,1094,137 48,78,94,122
000575.png 1201,70,1240,126 575,176,601,196
000576.png 575,177,602,197
000577.png 576,173,602,198
000578.png 577,177,602,198
000579.png 577,178,602,198
000580.png 577,178,602,199
000581.png 578,175,602,199
000582.png 579,178,602,196
000583.png 578,177,602,196
000584.png 577,177,601,196
000585.png 577,177,601,196
000586.png 576,178,600,197
000587.png 576,179,600,197
000588.png 575,177,598,196
000589.png 575,177,598,196
000590.png 575,180,598,197
000591.png 575,180,598,197
000592.png 575,178,598,195 423,176,443,193
000593.png 408,176,430,194 575,178,598,195
000594.png 389,177,417,197 576,178,598,196
000595.png 576,181,598,198 368,179,401,201
000596.png 576,179,598,197 342,178,382,202
000597.png 576,178,599,194 308,177,356,206
000598.png 576,175,599,191 263,176,321,208
000599.png 577,173,599,190 199,173,274,210
000600.png 105,173,209,218 576,173,599,189
000601.png 0,173,109,227 577,173,599,190 1037,0,1240,234
000602.png 577,174,599,190 168,202,235,233 1053,1,1240,235
000603.png 578,174,599,190 51,211,152,250
000604.png 579,174,601,190
000605.png 580,175,600,191
000606.png 580,177,602,192
000607.png 583,176,602,191
000608.png 583,175,602,191
000609.png 583,174,602,190
000610.png 582,173,603,189
000611.png 582,172,603,188
000612.png 583,172,604,188
000613.png 584,172,603,186 1164,207,1229,229 765,153,776,173
000614.png 585,171,606,186 438,165,463,181
000615.png 585,173,606,188 431,167,454,187
000616.png 587,173,606,188 781,156,791,175 422,168,448,188
000617.png 589,174,608,189
000618.png 590,173,608,189 886,80,951,174 886,82,1240,208 397,170,430,194
000619.png 590,173,611,188 897,75,966,194 382,168,418,193 797,153,808,176
000620.png 591,173,611,187 364,167,403,194
000621.png 591,174,612,188 340,167,386,197
000622.png 310,167,365,200 928,66,1013,182 591,173,611,189 813,157,825,179
000623.png 591,175,611,190 271,166,338,205 945,62,1030,178 916,192,927,223
000624.png 591,175,611,191 222,166,303,210 957,55,1051,234 577,162,588,173
000625.png 152,167,258,214 591,175,611,190 1126,204,1150,255
000626.png 49,166,194,222 591,174,611,190
000627.png 590,174,611,187 0,164,96,230 0,164,97,229
000628.png 590,172,610,187 498,165,519,181
000629.png 590,172,610,186 494,165,517,179
000630.png 590,171,609,185 871,151,890,178 579,159,590,168
000631.png 590,168,609,183
000632.png 590,168,608,183 0,201,220,257 890,147,911,176
000633.png 902,149,922,177 590,172,608,185
000634.png 589,173,608,188 443,176,466,188 913,152,936,182
000635.png 589,178,610,193 926,155,950,188
000636.png 418,179,448,201 589,179,608,194
000637.png 589,177,609,191 401,175,436,202
000638.png 384,173,421,198 589,175,607,189
000639.png 588,173,606,187 360,173,403,199 1001,148,1019,184 987,148,1019,184
000640.png 588,172,606,186 330,173,380,200
000641.png 292,172,350,203 588,173,606,185
000642.png 239,171,314,211 438,168,463,187 588,173,606,185 468,169,486,183
000643.png 166,171,262,215 429,169,454,187 586,172,605,185 466,169,481,183
000644.png 52,172,189,226 584,172,604,185 416,169,445,191 1138,201,1155,250 456,168,475,185
000645.png 0,173,74,249 585,172,604,186 449,170,471,187 399,171,434,195
000646.png 584,172,603,186 439,173,464,188 382,168,420,194
000647.png 364,169,405,197 583,172,603,185 430,171,455,189
000648.png 339,169,387,194 418,172,446,189 584,171,602,185
000649.png 305,169,363,201 402,172,435,190 584,171,602,184
000650.png 264,166,332,200 386,173,421,193 583,171,603,184
000651.png 206,168,292,207 365,172,405,193 583,172,602,184
000652.png 124,168,238,214 583,172,602,185 339,172,386,196
000653.png 0,168,160,228 305,175,365,201 583,172,602,186 454,173,470,183 455,172,476,183
000654.png 0,169,37,236 262,176,334,205 583,173,602,185
000655.png 204,176,293,209 583,172,602,184 441,171,470,184
000656.png 118,174,239,218 584,171,602,183 431,172,453,183
000657.png 0,174,157,230 423,171,444,185 583,171,602,183
000658.png 412,172,436,186 849,186,858,208 584,171,602,183
000659.png 400,172,426,187 583,171,602,183
000660.png 386,172,415,188 583,171,601,183
000661.png 369,173,401,191 308,120,331,144 1063,197,1077,239 583,172,600,183
000662.png 349,175,386,195 583,174,601,185
000663.png 185,101,221,135 325,175,366,198 582,173,600,186
000664.png 294,175,342,201 75,81,120,124 582,174,600,184
000665.png 255,174,312,203
000666.png 202,173,274,206 581,170,600,183
000667.png 129,175,221,215 409,171,434,181 582,172,600,183
000668.png 20,175,149,224
000669.png 0,174,36,248
000670.png
000671.png
000672.png
000673.png
000674.png
000675.png
000676.png
000677.png 321,169,339,180
000678.png
000679.png
000680.png
000681.png 313,171,348,182
000682.png
000683.png 304,173,331,184
000684.png
000685.png
000686.png
000687.png 287,175,312,188
000688.png 280,174,305,190
000689.png 270,174,296,190
000690.png 259,174,286,191 192,175,236,188
000691.png 245,173,273,193 187,174,218,187
000692.png 229,174,258,195 177,176,212,191
000693.png 209,175,238,196 165,175,199,191
000694.png 182,175,217,198 150,177,182,193 582,171,601,183
000695.png 137,176,190,201
000696.png 106,176,160,206 717,186,731,212 582,172,600,185 911,187,920,207
000697.png 51,178,119,213 107,180,137,199 729,189,744,213
000698.png 0,179,64,220 73,180,111,203 743,188,760,228
000699.png 39,181,81,208 761,190,782,232 1033,192,1044,215
000700.png 0,180,44,209 824,193,835,234
000701.png
000702.png
000703.png
000704.png
000705.png
000706.png
000707.png
000708.png
000709.png
000710.png
000711.png
000712.png
000713.png
000714.png
000715.png
000716.png
000717.png 894,217,906,274
000718.png
000719.png
000720.png
000721.png
000722.png
000723.png
000724.png
000725.png
000726.png
000727.png
000728.png
000729.png
000730.png 992,90,1040,137 1139,201,1158,214
000731.png 1134,59,1204,125
000732.png 1156,204,1179,215
000733.png 1165,206,1189,215
000734.png 1175,206,1197,216
000735.png
000736.png
000737.png 886,197,895,223
000738.png 586,176,603,189
000739.png 1014,208,1026,244
000740.png
000741.png
000742.png
000743.png
000744.png
000745.png
000746.png
000747.png
000748.png
000749.png 1039,198,1053,239
000750.png
000751.png
000752.png 631,178,649,193
000753.png 630,178,649,193
000754.png
000755.png
000756.png
000757.png 380,134,399,153
000758.png 355,132,376,151 632,178,652,193 822,139,843,159
000759.png 324,125,346,149 850,134,871,154
000760.png 284,119,307,143 631,177,651,192 884,127,909,152
000761.png 630,178,651,193
000762.png 149,95,187,133 994,110,1030,146
000763.png 1089,93,1134,139
000764.png
000765.png 627,177,648,194
000766.png 819,186,828,205
000767.png 847,187,857,210
000768.png 887,190,896,216
000769.png 938,191,950,223
000770.png 1012,196,1025,233
000771.png 1125,203,1145,250
000772.png 616,175,638,194
000773.png 613,176,636,193
000774.png 605,174,633,193
000775.png 604,173,629,193
000776.png 603,174,626,193
000777.png 598,173,623,194 574,176,587,187
000778.png 597,174,620,195
000779.png 1193,235,1240,261 593,174,617,195
000780.png 589,176,612,194
000781.png 586,174,609,193
000782.png 583,173,607,193
000783.png 579,170,606,193 559,175,573,186
000784.png 576,176,599,194
000785.png 572,176,597,194
000786.png 567,176,592,193
000787.png 566,176,588,195
000788.png 563,176,586,194 787,184,798,211
000789.png 559,177,584,195 818,187,827,216
000790.png 554,180,582,197 859,193,871,225
000791.png 552,181,578,198 920,198,933,239
000792.png 549,180,575,198
000793.png 548,180,572,199
000794.png 546,181,570,200
000795.png 544,182,567,200
000796.png 541,182,565,200
000797.png 540,182,563,200
000798.png 538,183,561,200
000799.png 536,182,560,200
000800.png 535,181,559,198
000801.png 534,177,557,195
000802.png 533,176,558,194
000803.png 532,176,559,194
000804.png 532,180,557,197
000805.png 531,185,558,203
000806.png 533,186,558,204
000807.png 534,183,558,203
000808.png 535,182,560,201
000809.png 535,180,561,200
000810.png 535,179,561,198
000811.png 536,181,560,199
000812.png 535,180,560,200
000813.png 535,180,561,198
000814.png 535,180,561,198 861,205,884,263
000815.png 535,181,560,198
000816.png 535,180,559,199
000817.png 533,179,558,199
000818.png 533,181,558,199
000819.png 531,182,557,199 1093,277,1153,307
000820.png 531,181,557,199
000821.png 531,181,556,199
000822.png 530,181,556,199
000823.png 529,183,556,200
000824.png 528,182,555,201
000825.png 528,180,556,200
000826.png 529,181,556,199
000827.png 530,180,556,199
000828.png 529,180,556,199
000829.png 529,181,556,199
000830.png 530,179,556,198 351,177,381,191
000831.png 531,179,557,198 335,177,367,191
000832.png 534,180,559,199 316,177,354,193
000833.png 295,181,337,199 535,181,560,202
000834.png 272,180,318,200 536,183,561,202
000835.png 244,177,297,198 536,182,562,200
000836.png 210,176,272,198 538,184,564,199
000837.png 169,175,240,199 539,178,566,198
000838.png 117,173,201,201 541,176,567,196
000839.png 49,173,154,205 543,178,567,196
000840.png 0,173,91,208 544,181,569,197
000841.png 546,176,571,197
000842.png 548,176,572,196
000843.png 549,177,575,197
000844.png 550,178,575,198
000845.png 551,178,576,197
000846.png 551,181,578,198
000847.png 552,177,578,197 434,178,459,189
000848.png 553,176,577,196 428,176,452,189
000849.png 554,175,579,195 417,177,442,188
000850.png 406,176,432,190 554,175,579,196
000851.png 392,175,422,192 554,177,579,196
000852.png 378,175,410,192 554,176,579,197
000853.png 361,174,397,191 555,180,579,196
000854.png 341,173,381,195 555,175,579,195
000855.png 319,174,361,195 553,174,580,194
000856.png 290,172,341,200 554,173,578,193
000857.png 258,169,313,194 555,173,577,192
000858.png 216,168,283,196 555,172,577,190
000859.png 165,169,247,204 554,171,577,190
000860.png 100,169,198,207 553,172,576,190
000861.png 13,170,137,210 553,171,576,189
000862.png 0,173,56,227 552,173,575,189
000863.png 551,172,575,190
000864.png 550,171,573,190
000865.png 550,171,574,190
000866.png 550,175,572,190
000867.png 549,173,571,191
000868.png 124,124,151,153 548,173,570,191
000869.png 62,118,94,151 546,174,567,191
000870.png 544,176,566,191
000871.png 543,174,564,191
000872.png
000873.png 537,173,560,191 744,174,929,208
000874.png 534,175,555,191 754,174,942,208
000875.png 529,176,550,190
000876.png 523,175,545,190 740,169,776,182 575,173,592,216
000877.png 517,174,539,191
000878.png 509,174,530,191
000879.png 499,175,522,192
000880.png 489,174,510,192 683,172,713,186
000881.png 476,176,498,193 664,174,693,187
000882.png 462,178,485,194 519,185,541,222 642,173,672,187
000883.png 449,178,470,193 625,172,652,187 497,185,523,227
000884.png 475,185,502,235 608,173,637,187 434,176,456,194
000885.png 580,172,613,187 449,191,476,249 808,188,818,216
000886.png 414,192,447,239 562,173,594,188
000887.png 826,185,839,221 541,175,566,189
000888.png 365,179,387,197 513,176,541,190
000889.png 486,175,519,190 344,178,365,196
000890.png 879,197,895,247 323,179,344,197
000891.png 435,176,465,190
000892.png 404,176,439,190 276,183,299,197
000893.png 249,184,272,200
000894.png 221,185,243,200
000895.png 192,188,220,201
000896.png 159,187,188,201
000897.png 242,177,274,195
000898.png 91,184,118,199 202,178,237,195
000899.png 53,186,81,202
000900.png 13,189,45,206 122,183,154,202
000901.png
000902.png 21,187,62,208
000903.png
000904.png
000905.png
000906.png
000907.png 895,198,913,255
000908.png
000909.png
000910.png
000911.png
000912.png
000913.png
000914.png 387,187,399,227
000915.png 329,191,342,236
000916.png
000917.png
000918.png
000919.png 603,173,615,194
000920.png
000921.png 840,186,850,212
000922.png 543,176,555,203
000923.png
000924.png
000925.png
000926.png
000927.png
000928.png
000929.png
000930.png
000931.png 582,179,593,200
000932.png
000933.png
000934.png 868,195,881,224
000935.png 474,187,486,219
000936.png 160,195,174,236
000937.png 381,190,397,236
000938.png
000939.png
000940.png
000941.png
000942.png
000943.png 70,182,83,212 349,195,361,227
000944.png
000945.png 220,203,234,245 473,185,486,220
000946.png
000947.png 378,194,392,234
000948.png
000949.png 199,205,219,275
000950.png 863,212,1239,369 864,213,1066,290 14,217,44,313
000951.png 404,192,414,219 860,215,1240,371
000952.png
000953.png 532,184,541,209
000954.png 235,208,248,248
000955.png 464,190,477,225
000956.png 422,193,435,230 899,201,912,242
000957.png 367,195,384,239
000958.png 288,189,311,256 291,199,311,253
000959.png
000960.png 504,186,515,209
000961.png 474,187,485,216
000962.png 437,185,451,222
000963.png 393,185,409,232
000964.png 337,198,352,242
000965.png 260,201,276,254
000966.png 509,182,518,205
000967.png
000968.png 205,188,214,211
000969.png
000970.png 451,187,460,215
000971.png
000972.png 379,192,392,225
000973.png 330,198,344,237
000974.png
000975.png 165,208,185,271
000976.png 0,228,29,312
000977.png
000978.png
000979.png
000980.png
000981.png
000982.png
000983.png
000984.png
000985.png
000986.png
000987.png
000988.png
000989.png
000990.png
000991.png
000992.png
000993.png
000994.png
000995.png 866,158,904,175
000996.png
000997.png
000998.png
000999.png
001000.png 924,153,995,172 947,153,995,170
001001.png 392,191,402,220
001002.png 360,193,373,226 982,150,1034,168
001003.png 320,196,334,234
001004.png
001005.png 186,211,205,266
001006.png 58,222,82,286 1084,151,1140,170
001007.png
001008.png
001009.png
001010.png
001011.png 688,92,706,120
001012.png
001013.png 876,197,890,241
001014.png
001015.png 174,209,194,269
001016.png
001017.png 828,255,1239,371
001018.png
001019.png
001020.png
001021.png 873,186,892,225
001022.png
001023.png 400,187,413,229
001024.png
001025.png
001026.png
001027.png
001028.png
001029.png
001030.png 441,188,454,228
001031.png 389,190,401,236
001032.png 318,194,333,247
001033.png 1056,111,1067,139
001034.png
001035.png
001036.png 976,119,988,143
001037.png 1016,138,1077,157
001038.png 422,187,435,229 930,97,945,109
001039.png 361,193,375,242
001040.png 277,196,295,254
001041.png 515,178,526,208 854,117,864,145
001042.png
001043.png 806,122,817,148 808,99,822,110
001044.png 781,123,793,152 367,188,386,236
001045.png 288,195,310,250
001046.png
001047.png 932,199,948,243
001048.png
001049.png 663,127,675,150
001050.png
001051.png 617,133,630,154
001052.png 598,102,612,115
001053.png 629,123,639,144 573,129,585,154 576,101,590,114
001054.png 608,120,620,146
001055.png 586,119,596,147 527,134,539,155 707,79,730,97
001056.png 505,102,520,117 731,161,761,170 562,120,575,149
001057.png 536,116,549,145 476,132,490,159
001058.png 507,108,520,138
001059.png 473,102,488,134
001060.png 436,101,451,135 387,93,407,109
001061.png 392,103,409,139 186,202,206,263 357,179,407,198
001062.png 861,188,972,242 26,212,52,291
001063.png 278,82,302,127
001064.png 206,64,226,120
001065.png 104,42,125,109
001066.png
001067.png 433,176,469,185
001068.png
001069.png
001070.png
001071.png 16,186,108,203 167,0,230,22
001072.png
001073.png
001074.png
001075.png
001076.png 98,184,169,197
001077.png
001078.png
001079.png
001080.png
001081.png
001082.png
001083.png
001084.png
001085.png 123,180,181,198
001086.png 33,183,111,200 0,189,71,229
001087.png 0,189,102,229
001088.png 14,191,131,229
001089.png 54,189,158,226 780,201,798,240
001090.png 88,188,183,224
001091.png 120,187,206,220
001092.png 0,99,21,145
001093.png
001094.png 196,183,263,210 638,187,1197,373
001095.png
001096.png
001097.png
001098.png
001099.png
001100.png
