000000.png 740,178,961,315 649,180,696,212 636,175,658,204 671,164,701,196
000001.png 751,184,1010,337 650,184,697,216 636,178,660,207 674,166,701,196
000002.png 768,185,1075,365 651,184,699,218 636,180,659,208
000003.png 783,183,1171,371 652,180,703,216 636,176,660,206
000004.png 809,179,1241,371 653,174,707,214
000005.png 838,178,1241,370 658,157,713,215 640,171,665,200 656,170,713,215
000006.png 878,180,1241,369 658,176,719,220 642,172,668,206 680,157,711,175
000007.png 933,187,1241,369 661,182,723,223 641,175,670,209 683,162,713,178 681,163,716,184
000008.png 1013,201,1240,369 642,175,673,210 663,181,729,226
000009.png 1159,265,1241,370 667,182,735,227 643,175,675,210 687,160,719,178 686,159,721,186
000010.png 669,176,741,227 645,173,680,209 690,156,721,177
000011.png 673,182,749,229 648,171,684,210 693,157,726,182
000012.png 673,183,756,232 648,170,687,210
000013.png 680,180,765,236 650,170,690,209
000014.png 684,181,774,240 655,171,693,213 702,156,734,179
000015.png 690,192,786,246 658,172,698,215 709,155,736,174
000016.png 695,189,799,252 657,172,704,218
000017.png 702,185,814,257 663,172,708,220
000018.png 707,184,831,264 667,172,714,222
000019.png 717,185,851,271 673,174,723,223
000020.png 724,184,874,279 677,173,732,224
000021.png 733,184,901,288 681,173,739,225
000022.png 745,184,934,298 133,195,258,261 684,172,746,227 17,205,133,236
000023.png 755,190,973,313 105,197,246,269 690,172,757,232 0,209,110,242
000024.png 771,188,1026,332 72,198,222,277 695,171,769,235 0,211,88,243
000025.png 786,190,1090,353 23,198,215,286 700,169,780,238 0,213,57,253
000026.png 808,193,1179,370 0,199,193,292 704,168,793,240
000027.png 0,200,169,300 828,197,1241,370 710,166,808,245
000028.png 0,201,129,306 716,166,826,247 856,184,1241,370
000029.png 723,166,845,253 891,199,1241,369 0,202,92,300 1199,228,1241,294
000030.png 936,215,1241,370 730,168,867,261 725,152,776,178 0,204,46,293
000031.png 994,243,1241,371 737,170,887,269 727,153,784,188
000032.png 743,171,907,279 1087,326,1241,371 729,153,782,178 730,155,770,176
000033.png 755,170,934,286 730,154,772,175
000034.png 767,170,965,299 736,155,779,176
000035.png 781,169,1003,311 739,156,784,176
000036.png 795,167,1047,324 740,154,794,176
000037.png 811,167,1105,342 743,151,803,174
000038.png 831,167,1176,363 747,149,808,174
000039.png 853,169,1241,370 750,149,813,173
000040.png 878,172,1241,370 752,150,816,175 1209,207,1241,243
000041.png 910,175,1241,370 757,151,821,175
000042.png 948,175,1241,369 758,149,825,175
000043.png 994,175,1241,369 761,148,829,174
000044.png 1051,182,1241,370 763,148,831,174
000045.png 1127,198,1241,369 765,150,832,176
000046.png 766,154,833,178
000047.png 765,154,836,180
000048.png 764,153,837,179
000049.png 763,153,837,179
000050.png 764,150,837,176 0,221,36,277
000051.png 763,151,835,177 0,206,60,280 0,228,60,283
000052.png 0,225,85,287 760,150,835,177
000053.png 0,209,119,291 758,149,832,177
000054.png 0,200,149,293 756,149,830,176
000055.png 0,198,182,295 751,150,828,177
000056.png 0,193,218,297 747,150,825,178
000057.png 0,190,259,298 743,151,820,179
000058.png 0,190,303,302 739,152,817,182
000059.png 0,191,348,317 732,156,812,185
000060.png 0,191,400,321 727,156,809,184
000061.png 14,190,455,324 723,154,805,183
000062.png 73,188,515,326 720,153,800,183
000063.png 137,189,580,330 714,152,794,183
000064.png 211,187,652,334 708,153,790,185
000065.png 288,188,734,338 701,153,783,184
000066.png 369,189,816,340 694,153,777,184 574,209,608,243
000067.png 452,188,900,342 688,153,770,185
000068.png 533,188,989,344 679,156,762,186
000069.png 608,190,1077,351 670,158,751,188
000070.png 683,191,1166,350 659,158,740,190
000071.png 757,192,1241,354 647,159,729,191
000072.png 832,196,1241,356 634,159,717,191
000073.png 905,196,1241,357 622,158,704,191
000074.png 976,196,1241,357 607,159,690,190
000075.png 1044,192,1241,333 591,158,675,190
000076.png 1108,192,1241,326 575,159,660,191
000077.png 1161,196,1241,323 557,159,642,192
000078.png 537,158,624,191 1211,215,1241,300
000079.png 517,158,604,191
000080.png 496,157,583,190
000081.png 470,156,560,190 1171,153,1241,209
000082.png 445,157,536,190
000083.png 416,157,508,191 1103,147,1242,202
000084.png 384,159,478,192
000085.png 349,160,447,194 1201,177,1241,209
000086.png 313,160,414,196 1156,180,1229,210
000087.png 270,160,377,197 1112,182,1179,210
000088.png 225,159,337,196 1220,207,1241,283 1068,184,1131,212
000089.png 176,156,295,194 1188,206,1241,282 1024,187,1085,214
000090.png 1152,203,1241,281 118,154,245,194 982,187,1040,213
000091.png 1114,201,1232,277 53,152,193,194 938,184,994,210 1198,179,1241,209
000092.png 0,150,133,194 1075,200,1183,270 1140,178,1184,206 896,182,949,208
000093.png 1034,199,1126,263 0,148,66,194 1090,177,1124,202 853,181,903,207
000094.png 993,199,1075,260 810,181,859,206 1029,177,1067,200 1193,192,1241,223
000095.png 951,198,1028,255 767,181,816,205 978,175,1013,198
000096.png 911,194,983,249 727,179,774,204 931,173,963,196 1085,189,1147,212
000097.png 872,193,939,245 686,176,732,202 885,172,918,193 1035,187,1093,211
000098.png 834,192,898,242 648,174,693,200 844,172,874,193
000099.png 797,191,858,241 802,172,833,194 609,174,656,199
000100.png 764,189,822,236 572,173,620,199 765,169,796,193
000101.png 732,185,788,231 537,171,586,198 731,166,762,197
000102.png 701,184,757,228 503,171,552,199 700,165,730,196
000103.png 673,185,728,228 471,173,522,201 671,165,701,188 805,177,855,195
000104.png 649,185,703,228 443,174,496,203 649,166,678,194
000105.png 630,183,681,225 417,174,472,205 626,164,656,189 256,147,388,203 759,176,809,198
000106.png 609,182,662,224 394,174,449,206 608,164,638,187
000107.png 595,182,646,223 372,174,431,207 594,163,623,187 731,172,779,193
000108.png 583,183,633,224 354,176,414,209 581,164,611,186 718,174,768,195
000109.png 573,182,622,223 337,176,399,208 571,165,602,191 154,147,307,207 706,173,761,198
000110.png 563,183,612,224 321,177,387,210 562,165,593,194 134,147,291,209
000111.png 555,185,603,225 307,180,374,214 555,167,587,188 698,176,748,198 114,149,277,213
000112.png 549,186,597,225 293,183,364,215 549,168,581,196 98,152,265,217
000113.png 545,185,592,225 282,182,354,219 83,151,253,218 546,168,577,198
000114.png 270,179,346,215 540,165,588,223 67,148,241,215
000115.png 258,174,337,210 536,161,584,217 49,140,231,214
000116.png 248,170,330,207 534,157,581,212 692,166,747,193
000117.png 235,168,321,210 532,155,579,209 693,164,748,189 15,134,209,211
000118.png 222,171,314,215 530,157,577,211 666,166,751,194 694,166,750,192
000119.png 210,176,307,223 530,162,575,216 65,140,189,223
000120.png 205,183,299,226 528,182,575,221 57,145,179,229 529,166,575,220 539,166,573,187 699,176,760,187
000121.png 187,185,291,224 0,145,170,235 528,183,575,221 529,166,574,221 537,166,573,189
000122.png 172,181,283,230 529,165,574,217 1,140,159,233
000123.png 157,176,275,225 0,134,141,230 528,173,575,212 711,167,776,186 711,167,776,195
000124.png 141,175,266,225 529,171,575,210 0,131,141,233 715,167,784,189 543,157,575,179
000125.png 125,181,256,237 529,175,575,214 0,137,126,247 721,169,790,181 549,161,576,185 721,169,790,190 548,161,576,194
000126.png 105,186,245,240 530,178,576,217 0,141,110,252 545,165,578,197
000127.png 88,185,234,241 529,179,576,217 550,165,580,199 0,132,95,250
000128.png 529,176,576,214 66,181,223,244 0,131,80,248 550,161,582,196
000129.png 42,180,212,245 531,173,577,211 0,130,65,246 551,159,586,192
000130.png 531,174,577,212 0,135,49,253 552,160,589,193 15,185,197,253 103,185,196,246 752,168,831,182
000131.png 0,188,180,254 531,177,578,216 553,163,591,195 760,171,840,186
000132.png 531,177,578,215 36,187,163,258 554,163,593,195 765,172,851,188
000133.png 0,187,145,261 531,177,578,214 556,163,596,196 901,24,1241,280
000134.png 0,188,123,266 531,175,578,210 558,160,597,194 783,169,872,185
000135.png 0,193,99,274 529,175,579,211 560,161,600,194 736,167,884,219
000136.png 0,198,73,286 528,175,579,212 562,161,601,196 794,168,897,183
000137.png 527,175,578,211 0,203,42,293 563,161,603,196 751,166,911,219
000138.png 525,174,577,211 758,164,927,222 566,159,606,195
000139.png 525,174,576,211 765,164,943,219 566,158,608,195
000140.png 525,173,575,210 566,157,611,197 777,164,960,217
000141.png 524,175,575,211 786,165,979,226 569,159,613,198 569,160,613,198
000142.png 523,175,573,211 795,162,997,225 569,159,615,200
000143.png 522,173,571,211 807,163,1021,230 571,158,618,200
000144.png 519,173,572,210 819,164,1042,233 571,158,619,201
000145.png 518,173,568,210 832,164,1067,235 573,157,622,201
000146.png 518,174,567,212 847,166,1099,241 574,159,625,203 574,158,625,203
000147.png 858,167,1131,248 517,177,567,213 575,161,628,206 575,161,628,206
000148.png 517,177,565,215 876,169,1183,256 577,163,631,208 577,162,631,208
000149.png 893,173,1230,267 517,179,565,216 579,163,634,211 578,163,634,211
000150.png 918,174,1240,274 516,177,564,214 580,162,638,211 580,162,637,211
000151.png 941,172,1241,283 516,178,563,215 582,162,640,213
000152.png 973,173,1240,295 516,178,563,215 584,163,645,214
000153.png 1007,178,1226,310 516,178,564,215 588,163,649,216
000154.png 1052,185,1241,327 516,177,563,214 590,161,653,215
000155.png 516,177,564,215 1105,222,1241,317 593,161,658,216
000156.png 517,179,565,217 1171,239,1241,334 596,163,664,219
000157.png 518,186,566,223 601,169,670,226
000158.png 521,189,570,226 606,172,679,232 606,172,679,232
000159.png 524,191,572,227 611,173,688,236 611,173,688,236
000160.png 526,189,575,227 617,172,697,235
000161.png 529,188,578,226 624,170,707,236 623,171,707,237
000162.png 533,187,581,224 844,0,1240,280 629,167,716,237 630,168,716,237 560,163,571,186
000163.png 637,163,727,236 535,182,584,219 917,1,1240,275
000164.png 644,157,739,233 540,177,586,214 763,153,798,169
000165.png 651,155,750,233 541,175,590,212
000166.png 658,155,764,238 545,176,593,213
000167.png 546,182,595,219 665,159,777,246 664,159,778,246
000168.png 548,184,597,221 672,161,790,253 786,46,798,67
000169.png 548,186,598,224 678,162,805,261 590,160,600,191
000170.png 550,185,601,224 686,161,823,264 686,161,822,264 592,158,605,201
000171.png 693,159,841,268 552,185,602,221
000172.png 553,178,603,216 701,152,860,269 701,153,860,269
000173.png 553,175,603,213 708,147,881,271 708,147,880,271
000174.png 552,171,603,209 718,143,905,275 718,143,905,275 605,144,617,156
000175.png 551,171,604,209 726,141,931,285 608,143,621,156
000176.png 550,173,604,210 735,141,961,295 610,144,622,158
000177.png 549,175,601,213 744,142,996,309 744,142,996,309
000178.png 547,179,600,215 755,143,1037,325
000179.png 544,183,598,220 767,144,1088,344
000180.png 543,186,597,222 777,140,1150,365 616,153,631,170
000181.png 541,186,594,221 794,137,1226,369 618,153,632,168
000182.png 811,130,1241,369 538,183,592,220 618,150,633,168
000183.png 828,122,1240,368 535,181,588,218 619,148,634,163
000184.png 849,120,1241,368 531,181,584,218 619,146,634,162
000185.png 525,181,579,216 870,119,1240,368 618,145,634,161
000186.png 519,181,573,216 896,122,1240,368 618,146,634,162
000187.png 929,128,1240,369 513,182,568,217 617,147,633,163
000188.png 506,185,563,220 969,137,1241,368 614,150,631,168
000189.png 1022,146,1241,368 501,185,557,219 613,150,630,167
000190.png 494,184,549,219 1196,247,1241,306
000191.png 487,182,543,217 1190,328,1241,372 367,188,388,214 610,145,628,163
000192.png 485,179,536,215 609,141,628,161
000193.png 475,178,530,215 607,140,627,159
000194.png 469,179,523,216 605,142,624,161
000195.png 461,184,515,218 603,142,623,162
000196.png 455,185,510,218 601,143,622,164
000197.png 448,187,502,220 600,145,621,166
000198.png 441,185,496,220 1011,293,1240,372 598,142,620,164
000199.png 439,185,490,220 1050,302,1241,369 303,199,328,231 598,141,620,164
000200.png 434,182,487,220 1099,313,1241,372 599,138,622,163 297,203,322,232
000201.png 431,184,483,221 600,138,623,163 1163,329,1241,371 290,202,315,234
000202.png 431,183,481,220 283,203,311,235 604,137,627,161
000203.png 432,183,480,220
000204.png 436,183,480,219 280,204,302,237
000205.png 439,184,482,219
000206.png 445,181,486,217 626,130,651,157
000207.png 449,180,491,216
000208.png 455,180,499,216 642,125,672,158
000209.png 461,182,506,218
000210.png 467,183,516,219 663,124,695,157
000211.png 475,184,524,219 255,208,280,250
000212.png 482,184,537,221 253,210,274,255
000213.png 490,183,547,219
000214.png 498,184,558,218 714,116,753,154
000215.png 507,183,570,218 730,113,772,153 231,217,250,263
000216.png 517,179,584,215 219,214,242,264 218,215,242,266 747,104,791,146
000217.png 528,175,598,211 766,92,814,139 388,177,407,189 203,214,228,266
000218.png 538,172,611,209 788,83,840,133 192,215,215,273 394,175,418,188
000219.png 550,167,628,206 161,213,197,278 814,71,871,126 401,169,424,186
000220.png 562,160,642,205 842,58,906,119 407,172,429,187 141,214,176,290 140,215,175,290
000221.png 106,224,149,299 573,163,656,202 411,169,437,186 876,40,947,105
000222.png 584,158,668,197 64,224,117,313 916,11,998,87
000223.png 595,155,683,195 970,0,1067,69 9,228,74,331 419,166,441,182
000224.png 605,155,697,195 1044,0,1164,50 423,167,443,184 423,167,452,184
000225.png 625,160,698,200 625,160,698,200 699,172,723,192 428,172,448,191
000226.png 636,163,730,204 636,163,731,203 432,178,453,196 712,174,736,195
000227.png 433,180,460,198 719,172,747,197 650,164,728,203
000228.png 662,161,728,202 713,161,757,196 437,178,457,195 727,164,758,192
000229.png 681,160,768,204 438,177,460,196
000230.png 694,162,778,207
000231.png 709,166,787,209
000232.png 726,164,800,210 444,184,463,201
000233.png 766,161,813,208 765,161,813,208
000234.png 449,178,475,198 784,158,825,205 784,158,825,205
000235.png 450,176,470,196 786,154,840,202
000236.png 451,178,472,194 804,152,855,200
000237.png 829,152,870,201 453,176,473,195
000238.png 845,152,884,198 454,177,474,197
000239.png 454,176,474,197
000240.png 455,176,474,197
000241.png 455,176,474,197
000242.png 455,175,475,197
000243.png 456,177,477,198
000244.png 457,179,478,201
000245.png 457,181,480,201
000246.png 459,180,482,200
000247.png 460,180,483,200
000248.png 462,179,485,201
000249.png
000250.png 466,180,487,202
000251.png
000252.png 469,185,492,205 469,185,501,206
000253.png 472,187,495,206
000254.png
000255.png 480,192,503,214
000256.png
000257.png 490,198,513,220
000258.png 493,196,518,219
000259.png 498,193,521,214
000260.png 503,188,526,210
000261.png 508,185,530,205
000262.png 512,179,535,202
000263.png 516,182,543,203
000264.png 522,184,545,205 843,119,1241,249
000265.png 526,185,550,207
000266.png 531,185,556,208
000267.png 536,184,560,209
000268.png 541,185,566,206
000269.png 547,184,573,206
000270.png 554,182,580,207
000271.png 560,182,586,205
000272.png 567,182,592,205
000273.png 574,181,600,207
000274.png 579,183,607,209
000275.png 585,182,611,207
000276.png 587,181,615,207
000277.png 591,182,618,205
000278.png 594,181,621,207
000279.png 597,180,625,206
000280.png 599,177,629,206
000281.png 602,177,632,205
000282.png 605,176,637,204
000283.png 608,178,639,207
000284.png 612,178,644,208
000285.png 615,178,648,207
000286.png 618,175,652,206 648,177,674,203
000287.png 623,171,656,204 653,173,680,198
000288.png 627,165,661,200
000289.png 632,163,667,193
000290.png 637,164,672,198
000291.png 642,167,678,204 675,170,702,195
000292.png 647,173,686,210 684,180,710,202
000293.png 655,176,694,209
000294.png 662,173,702,210
000295.png 670,170,710,209
000296.png 676,171,721,208
000297.png 684,173,729,216
000298.png 691,174,736,220 731,182,757,205
000299.png 696,173,744,220
000300.png 702,170,751,216
000301.png 706,168,757,215
000302.png 711,164,764,215
000303.png 715,164,770,215
000304.png 718,162,777,216
000305.png 722,164,783,219
000306.png 726,164,789,221
000307.png 725,165,797,226
000308.png 727,165,803,229
000309.png 729,165,810,233
000310.png 732,163,817,235
000311.png 734,161,826,237
000312.png 740,158,835,238
000313.png 751,161,846,246 736,177,758,222
000314.png 754,168,858,256 737,184,762,229
000315.png 758,173,871,269 741,188,768,237
000316.png 763,170,887,272 742,188,773,237
000317.png 767,166,905,276 744,183,781,234
000318.png 775,163,927,280 746,181,787,234
000319.png 781,162,953,288 748,182,797,238
000320.png 789,162,984,298 751,181,809,240
000321.png 801,161,1024,312 755,181,821,246
000322.png 814,159,1074,328 758,183,835,249
000323.png 825,158,1139,349 763,184,849,255
000324.png 844,157,1227,369 767,186,867,263
000325.png 866,156,1240,370 771,187,889,270
000326.png 891,152,1241,369 776,189,910,279
000327.png 925,154,1241,368 783,190,935,287
000328.png 968,166,1241,369 789,197,962,303
000329.png 1023,199,1241,370 797,204,993,321
000330.png 807,208,1033,337 1117,289,1241,370
000331.png 817,206,1085,350
000332.png 832,203,1154,368
000333.png 849,203,1241,371
000334.png 873,208,1240,370
000335.png 901,216,1241,371
000336.png 942,229,1241,370
000337.png 1000,276,1241,371
000338.png
000339.png
000340.png
000341.png
000342.png
000343.png
000344.png
000345.png
000346.png
000347.png
000348.png
000349.png
000350.png
000351.png
000352.png
000353.png
000354.png
000355.png
000356.png
000357.png
000358.png
000359.png
000360.png
000361.png
000362.png
000363.png
000364.png
000365.png
000366.png
000367.png 279,104,307,136
000368.png
000369.png
000370.png 1071,293,1241,371
000371.png
000372.png
000373.png
000374.png
000375.png
000376.png
000377.png
000378.png
000379.png
000380.png
000381.png
000382.png
000383.png
000384.png
000385.png
000386.png
000387.png
000388.png
000389.png
000390.png
000391.png 730,167,746,185
000392.png
000393.png 725,164,743,181
000394.png
000395.png 719,179,742,196
000396.png 719,182,741,203
000397.png 716,178,741,201
000398.png 714,174,741,195
000399.png 711,168,740,192
000400.png 710,172,739,196
000401.png 707,181,734,203
000402.png 705,183,739,206
000403.png 704,181,732,202
000404.png 702,176,729,200
000405.png 700,178,727,201
000406.png 698,183,726,205
000407.png 695,184,723,205
000408.png 693,185,722,206
000409.png 693,181,722,206 720,190,739,213
000410.png 692,180,723,205
000411.png 691,179,723,205 719,187,742,214
000412.png 691,178,723,206 720,187,743,214
000413.png 691,176,724,205 721,186,742,212
000414.png 692,177,726,204
000415.png 693,179,727,207
000416.png 694,180,728,209
000417.png 694,180,731,210
000418.png 694,178,733,210
000419.png 697,175,734,207
000420.png 697,174,737,208
000421.png 699,174,741,208
000422.png 701,183,742,215 739,190,761,209
000423.png 702,183,745,218
000424.png 703,182,747,220 957,178,1033,269 744,192,767,215 976,178,1033,215
000425.png 704,182,750,219 990,207,1026,291 990,177,1070,291
000426.png 705,174,751,216 1029,168,1168,300 749,187,773,209
000427.png 1078,163,1241,314 705,171,754,214 751,184,774,207
000428.png 1138,172,1241,334 705,172,758,216 753,185,775,209
000429.png 705,172,760,218 1217,229,1241,333 755,186,777,213
000430.png 706,173,761,220
000431.png 707,172,766,222 761,186,781,212
000432.png 707,172,768,223 764,186,784,214
000433.png 708,171,772,224
000434.png 708,171,778,227
000435.png 710,171,781,230
000436.png 712,170,789,233
000437.png 715,171,796,237 739,152,789,178
000438.png 716,174,804,244
000439.png 719,178,814,251
000440.png 722,179,823,257
000441.png 725,179,834,260 748,158,793,182
000442.png 729,175,847,263
000443.png 733,172,863,268
000444.png 739,172,881,274
000445.png 744,171,902,283 748,150,804,201
000446.png 751,172,928,293 749,150,809,209
000447.png 758,174,960,309 747,151,811,208
000448.png 765,168,997,318
000449.png 775,163,1047,333
000450.png 785,163,1115,357
000451.png 802,170,1206,370
000452.png 819,178,1241,370
000453.png 842,183,1241,371
000454.png 873,182,1240,370
000455.png 915,183,1241,369
000456.png 973,240,1241,371
000457.png
000458.png
000459.png
000460.png
000461.png
000462.png
000463.png
000464.png
000465.png
000466.png
000467.png
000468.png 966,43,1202,256 968,233,1028,253
000469.png
000470.png
000471.png
000472.png
000473.png
000474.png
000475.png
000476.png
000477.png
000478.png 1144,65,1241,288
000479.png
000480.png
000481.png
000482.png
000483.png
000484.png
000485.png
000486.png
000487.png
000488.png
000489.png
000490.png
000491.png
000492.png
000493.png
000494.png
000495.png
000496.png
000497.png
000498.png
000499.png 876,201,1240,367
000500.png 898,207,1240,366 737,137,757,155
000501.png 743,136,763,154
000502.png 751,134,770,154
000503.png 759,134,777,154
000504.png 762,132,784,153
000505.png 768,132,791,154
000506.png 776,132,799,153
000507.png 782,132,806,154
000508.png 789,132,814,155
000509.png 795,131,821,155
000510.png 801,130,829,156
000511.png 808,131,836,157
000512.png 814,130,843,156
000513.png
000514.png
000515.png
000516.png
000517.png
000518.png
000519.png
000520.png
000521.png
000522.png
000523.png
000524.png
000525.png
000526.png
000527.png
000528.png 1013,72,1079,131
000529.png 1049,63,1122,126
000530.png 1094,53,1179,124
000531.png 1150,40,1241,120
000532.png 1222,37,1241,105
000533.png
000534.png
000535.png
000536.png
000537.png
000538.png
000539.png
000540.png
000541.png
000542.png
000543.png
000544.png
000545.png
000546.png
000547.png
000548.png
000549.png
000550.png 1040,188,1096,226
000551.png
000552.png
000553.png
000554.png
000555.png 1136,176,1241,266
000556.png
000557.png
000558.png
000559.png
000560.png
000561.png
000562.png
000563.png
000564.png
000565.png
000566.png
000567.png
000568.png
000569.png
000570.png
000571.png
000572.png
000573.png
000574.png 1193,191,1205,202
000575.png
000576.png
000577.png
000578.png
000579.png
000580.png
000581.png
000582.png
000583.png
000584.png
000585.png
000586.png
000587.png
000588.png
000589.png
000590.png
000591.png
000592.png
000593.png
000594.png
000595.png
000596.png
000597.png
000598.png
000599.png
000600.png
000601.png
000602.png
000603.png
000604.png
000605.png
000606.png
000607.png
000608.png
000609.png
000610.png
000611.png
000612.png
000613.png
000614.png
000615.png
000616.png
000617.png
000618.png
000619.png
000620.png
000621.png
000622.png
000623.png
000624.png
000625.png
000626.png
000627.png
000628.png
000629.png
000630.png
000631.png
000632.png
000633.png
000634.png
000635.png
000636.png
000637.png
000638.png
000639.png
000640.png
000641.png
000642.png
000643.png
000644.png
000645.png 727,136,748,157
000646.png
000647.png 735,131,758,156
000648.png 742,130,764,153
000649.png 748,128,772,152 1072,23,1241,106
000650.png 757,123,781,148
000651.png 1151,12,1241,91 765,121,790,145
000652.png
000653.png 784,110,813,140
000654.png 796,102,826,133 763,109,792,143
000655.png 809,94,842,127
000656.png
000657.png 840,85,879,122
000658.png 859,79,902,118
000659.png 472,179,511,202 881,68,928,112
000660.png 907,55,961,102
000661.png 939,41,999,96
000662.png 978,28,1046,89 461,176,504,202
000663.png 1027,10,1102,75 458,176,500,202
000664.png 1088,0,1176,57
000665.png 1171,0,1241,37
000666.png
000667.png
000668.png 307,156,351,203
000669.png
000670.png 415,180,471,214
000671.png
000672.png
000673.png 249,160,302,213 285,177,353,221
000674.png 237,156,292,211 273,175,341,221 408,118,446,158
000675.png 259,172,330,221 223,155,280,211
000676.png 245,172,321,225
000677.png 192,156,256,218 231,177,308,228
000678.png
000679.png 92,203,151,218
000680.png
000681.png
000682.png
000683.png
000684.png 252,188,364,237
000685.png
000686.png
000687.png
000688.png
000689.png
000690.png
000691.png
000692.png
000693.png
000694.png
000695.png
000696.png
000697.png
000698.png
000699.png
000700.png
000701.png
000702.png
000703.png
000704.png
000705.png
000706.png
000707.png
000708.png
000709.png
000710.png
000711.png
000712.png
000713.png
000714.png
000715.png
000716.png
000717.png
000718.png
000719.png
000720.png
000721.png
000722.png
000723.png
000724.png
000725.png
000726.png
000727.png
000728.png
000729.png
000730.png
000731.png
000732.png
000733.png
000734.png
000735.png
000736.png
000737.png
000738.png
000739.png
000740.png
000741.png 799,159,831,210
000742.png
000743.png
000744.png
000745.png
000746.png
000747.png
000748.png
000749.png
000750.png 972,169,1013,230
000751.png
000752.png 987,174,1031,238
000753.png 987,175,1032,240
000754.png
000755.png 971,174,1017,241
000756.png
000757.png 928,172,990,240
000758.png
000759.png
000760.png
000761.png 879,171,924,240
000762.png
000763.png
000764.png
000765.png
000766.png 827,166,873,239
000767.png 218,293,254,334
000768.png 819,163,865,238
000769.png
000770.png 217,244,287,354
000771.png 207,246,285,348 1224,163,1241,195
000772.png 206,249,283,356
000773.png 207,249,284,365
000774.png 211,251,286,361
000775.png 214,253,291,371
000776.png 218,254,298,370 902,163,958,248
000777.png 222,253,304,372
000778.png
000779.png 951,157,1014,248
000780.png 971,159,1033,251
000781.png 989,160,1055,254 247,272,336,373
000782.png 1009,162,1076,257 255,270,347,374
000783.png 267,268,355,374 1026,163,1096,258
000784.png 1045,162,1115,260 275,268,365,374
000785.png 1062,161,1136,261 281,269,372,373
000786.png 1080,160,1154,261 285,270,379,374
000787.png 294,272,386,373 1097,160,1174,262
000788.png 1114,158,1193,262 300,272,395,373
000789.png 306,272,401,373 1129,156,1209,260
000790.png 310,273,404,372 1143,157,1226,263
000791.png 1158,162,1240,267 315,275,411,373
000792.png 324,276,418,373
000793.png 329,278,426,373 1183,176,1241,281
000794.png 331,279,427,373 1194,175,1241,281
000795.png 335,279,432,373
000796.png 336,278,435,372
000797.png 338,279,437,372
000798.png 342,278,443,372
000799.png 346,279,447,373
000800.png 349,280,449,372
