000000.png 282,183,367,232 54,191,144,227 571,162,632,219 0,186,105,245 510,174,529,188 792,123,812,144
000001.png 229,185,336,243 24,192,121,227 574,160,632,217 0,192,77,246 508,174,527,188 804,121,825,142
000002.png 158,189,295,257 2,193,96,229 502,175,526,189 574,161,633,219 0,209,46,246 819,116,842,139 13,0,82,42 12,13,82,43
000003.png 51,194,236,280 0,197,69,233 499,176,523,190 572,162,633,220 725,154,737,174
000004.png 0,201,152,306 572,162,633,218 494,176,520,191 0,0,18,27 107,91,122,130 0,54,21,74 0,0,21,74
000005.png 572,161,634,219 0,245,11,305 489,176,513,192 0,169,20,233
000006.png 484,175,508,193 572,159,633,218
000007.png 475,175,504,195 573,159,633,219 0,134,63,240
000008.png 469,177,499,195 574,160,634,219 575,160,634,219
000009.png 460,178,494,200 576,162,636,220
000010.png 450,178,488,201 575,162,636,219
000011.png 439,178,480,202 574,162,636,220 1194,31,1225,93
000012.png 426,178,471,205 575,161,637,221 802,147,824,182
000013.png 412,177,461,205 575,159,638,217
000014.png 394,177,449,210 575,158,638,216
000015.png 374,181,435,217 577,159,638,215
000016.png 349,184,420,223 579,161,637,216
000017.png 317,185,400,230 572,162,638,219
000018.png 275,186,376,236 578,160,637,218
000019.png 222,186,346,245 576,157,635,215
000020.png 146,187,307,258 575,156,637,215
000021.png 40,194,254,281 577,157,637,217
000022.png 0,201,181,309 575,158,637,220
000023.png 0,223,65,311 575,160,637,222
000024.png 575,161,637,221
000025.png 576,163,637,224
000026.png 574,163,638,224
000027.png 573,162,637,223
000028.png 573,159,637,222 172,216,184,247
000029.png 574,159,637,222
000030.png 572,161,637,223
000031.png 571,160,637,223
000032.png 571,161,636,224 0,216,12,267
000033.png 571,161,636,224
000034.png 572,161,637,223
000035.png 570,160,637,223
000036.png 571,159,637,223
000037.png 570,159,638,222 847,236,862,323
000038.png 572,159,639,223
000039.png 575,159,638,219
000040.png 576,158,639,219
000041.png 576,158,641,217 576,158,640,216 576,158,640,217
000042.png 574,159,641,218
000043.png 575,157,641,220
000044.png 575,157,641,222 575,157,641,221
000045.png 575,157,641,221 575,157,640,220
000046.png 575,157,640,221
000047.png 574,157,640,222
000048.png 573,157,639,226
000049.png 573,158,638,227 95,216,110,254
000050.png 573,157,638,223
000051.png 572,156,637,220
000052.png 572,156,637,217
000053.png 571,156,636,218 774,205,784,258
000054.png 571,156,637,220 798,213,811,273 571,156,636,221 571,156,636,220
000055.png 570,156,635,222 832,222,846,293
000056.png 569,157,635,219
000057.png 569,158,635,223
000058.png 568,158,634,226 570,157,634,226
000059.png 569,158,634,226
000060.png 569,158,634,224
000061.png 569,158,634,222 569,158,634,222
000062.png 568,157,633,225 569,157,633,224
000063.png 569,157,634,224 571,156,634,223
000064.png 570,156,635,220
000065.png 570,156,636,220
000066.png 572,157,637,219 137,203,151,241
000067.png 571,157,636,222 98,206,113,250
000068.png 571,157,637,222 53,212,70,258
000069.png 571,157,637,221 0,218,14,267
000070.png 572,157,637,224
000071.png 572,157,636,224
000072.png 571,158,635,224
000073.png 571,157,635,221 899,237,925,349
000074.png 572,156,635,219
000075.png 572,157,635,221 549,171,562,180
000076.png 572,159,635,223
000077.png 572,160,636,220
000078.png 572,159,636,220 539,173,553,185
000079.png 572,158,635,219 537,172,552,185 198,204,214,240
000080.png 169,206,185,245 571,158,634,219 571,158,634,218 535,172,551,184
000081.png 571,159,632,219 530,174,548,187 571,159,632,218
000082.png 570,160,630,217 571,160,630,217 527,175,547,189 571,160,630,217
000083.png 570,160,630,221 523,176,541,190
000084.png 517,175,539,190 569,162,630,227 569,161,630,227
000085.png 569,160,630,223 513,175,534,190
000086.png 508,171,532,190 568,157,629,220
000087.png 568,158,627,223 504,172,527,190
000088.png 498,174,524,191 566,158,626,226
000089.png 492,175,518,193 565,160,625,223 565,160,625,223
000090.png 483,175,513,195 563,159,624,223 563,159,624,224
000091.png 475,175,509,197 562,160,621,223 563,160,621,223
000092.png 465,175,502,200 562,160,619,222
000093.png 454,176,494,202 561,161,620,224 835,199,848,238 561,161,620,224
000094.png 440,176,487,204 561,161,618,221 561,161,619,222
000095.png 424,176,477,208 559,160,618,220
000096.png 407,177,465,212 559,159,618,220
000097.png 384,177,450,217 558,158,617,220
000098.png 354,178,433,226 560,157,618,219
000099.png 314,181,412,235 559,158,618,218 548,167,561,179
000100.png 258,184,382,250 559,158,618,220 22,215,40,263
000101.png 172,188,343,270 561,157,618,215
000102.png 26,192,284,303 561,158,619,216
000103.png 0,203,185,351 560,159,620,217
000104.png 562,157,621,216
000105.png 565,158,621,216 541,169,555,182
000106.png 568,159,623,218 541,170,555,185
000107.png 568,160,623,218
000108.png 568,159,625,214 538,174,554,186
000109.png 570,156,626,214 536,173,552,185
000110.png 571,159,627,216 534,174,552,189
000111.png 572,161,627,218 530,173,550,191
000112.png 572,163,627,219 525,177,546,194
000113.png 572,165,627,218 521,178,543,195
000114.png 573,162,627,216 517,175,539,193
000115.png 511,173,537,193 573,160,627,213
000116.png 506,174,534,194 573,157,627,211 160,220,170,254
000117.png 500,174,528,196 573,156,626,209 573,156,626,210
000118.png 492,174,525,198 573,158,626,210 573,158,626,209
000119.png 483,174,518,200 573,157,626,209 573,157,626,211
000120.png 473,176,510,204 574,159,622,206
000121.png 462,177,505,207 574,160,624,209 574,160,625,209
000122.png 449,177,497,210 573,159,624,209 573,158,625,209
000123.png 432,179,488,214 573,159,625,210 573,159,626,210
000124.png 414,179,477,221 574,162,624,212
000125.png 390,183,463,229 574,164,627,213
000126.png 357,184,445,239 574,166,624,212
000127.png 312,184,420,247 575,165,626,214 575,165,626,214
000128.png 246,185,389,264 576,163,626,212 576,163,626,212
000129.png 139,187,341,290 575,161,626,210
000130.png 0,193,271,337 575,160,626,210
000131.png 0,206,135,352 577,160,627,211
000132.png 578,163,630,214 604,248,628,283
000133.png 608,260,634,303 581,166,632,214
000134.png 582,167,632,217
000135.png 583,167,633,216 609,283,652,365
000136.png 583,166,632,215 613,299,656,367
000137.png 584,164,631,214
000138.png 583,163,631,213
000139.png 584,162,631,211
000140.png 54,215,73,267 583,161,631,211
000141.png 0,223,16,277 583,161,631,209
000142.png 584,161,631,208
000143.png 583,160,630,205
000144.png 582,160,630,205
000145.png 581,163,628,211
000146.png 580,165,628,213
000147.png 580,165,627,213
000148.png 576,163,627,211
000149.png 578,162,626,209
000150.png 572,162,626,209
000151.png 574,162,627,210
000152.png 578,162,628,209
000153.png 578,162,627,209
000154.png 578,162,627,209
000155.png 578,162,627,208
000156.png 578,162,627,208
000157.png 579,162,627,208
000158.png 580,163,627,209
000159.png 580,163,627,209
000160.png 581,163,627,210
000161.png 577,163,627,210
000162.png 583,163,627,210 519,174,536,186
000163.png 583,164,628,210 518,174,533,187
000164.png 584,164,628,210
000165.png 583,165,628,211
000166.png 583,165,628,210 0,129,253,245
000167.png 584,165,628,209 1,113,231,249
000168.png 585,164,628,209 491,178,515,193
000169.png 487,176,511,195 586,164,627,206
000170.png 480,176,505,196 585,164,628,204
000171.png 469,176,498,197 585,165,628,207
000172.png 460,177,491,199 585,164,628,205
000173.png 450,176,484,200 582,163,627,205
000174.png 437,176,474,201 583,163,627,204 583,163,627,204
000175.png 422,178,463,204 582,164,626,206
000176.png 404,179,450,209 582,165,627,210
000177.png 382,178,435,213 583,164,627,206
000178.png 354,180,417,218 581,164,627,206
000179.png 320,181,392,225 582,164,627,206 718,196,726,233
000180.png 273,182,364,234 582,164,627,205 536,172,550,181
000181.png 204,184,324,247 583,165,626,207 10,215,28,266 535,172,548,182
000182.png 101,185,267,266 579,165,626,209 532,170,547,182
000183.png 0,191,177,295 584,164,627,206 529,170,545,182
000000.png 282,183,367,232 54,191,144,227 571,162,632,219 0,186,105,245 510,174,529,188 792,123,812,144
000001.png 229,185,336,243 24,192,121,227 574,160,632,217 0,192,77,246 508,174,527,188 804,121,825,142
000002.png 158,189,295,257 2,193,96,229 502,175,526,189 574,161,633,219 0,209,46,246 819,116,842,139 13,0,82,42 12,13,82,43
000003.png 51,194,236,280 0,197,69,233 499,176,523,190 572,162,633,220 725,154,737,174
000004.png 0,201,152,306 572,162,633,218 494,176,520,191 0,0,18,27 107,91,122,130 0,54,21,74 0,0,21,74
000005.png 572,161,634,219 0,245,11,305 489,176,513,192 0,169,20,233
000006.png 484,175,508,193 572,159,633,218
000007.png 475,175,504,195 573,159,633,219 0,134,63,240
000008.png 469,177,499,195 574,160,634,219 575,160,634,219
000009.png 460,178,494,200 576,162,636,220
000010.png 450,178,488,201 575,162,636,219
000011.png 439,178,480,202 574,162,636,220 1194,31,1225,93
000012.png 426,178,471,205 575,161,637,221 802,147,824,182
000013.png 412,177,461,205 575,159,638,217
000014.png 394,177,449,210 575,158,638,216
000015.png 374,181,435,217 577,159,638,215
000016.png 349,184,420,223 579,161,637,216
000017.png 317,185,400,230 572,162,638,219
000018.png 275,186,376,236 578,160,637,218
000019.png 222,186,346,245 576,157,635,215
000020.png 146,187,307,258 575,156,637,215
000021.png 40,194,254,281 577,157,637,217
000022.png 0,201,181,309 575,158,637,220
000023.png 0,223,65,311 575,160,637,222
000024.png 575,161,637,221
000025.png 576,163,637,224
000026.png 574,163,638,224
000027.png 573,162,637,223
000028.png 573,159,637,222 172,216,184,247
000029.png 574,159,637,222
000030.png 572,161,637,223
000031.png 571,160,637,223
000032.png 571,161,636,224 0,216,12,267
000033.png 571,161,636,224
000034.png 572,161,637,223
000035.png 570,160,637,223
000036.png 571,159,637,223
000037.png 570,159,638,222 847,236,862,323
000038.png 572,159,639,223
000039.png 575,159,638,219
000040.png 576,158,639,219
000041.png 576,158,641,217 576,158,640,216 576,158,640,217
000042.png 574,159,641,218
000043.png 575,157,641,220
000044.png 575,157,641,222 575,157,641,221
000045.png 575,157,641,221 575,157,640,220
000046.png 575,157,640,221
000047.png 574,157,640,222
000048.png 573,157,639,226
000049.png 573,158,638,227 95,216,110,254
000050.png 573,157,638,223
000051.png 572,156,637,220
000052.png 572,156,637,217
000053.png 571,156,636,218 774,205,784,258
000054.png 571,156,637,220 798,213,811,273 571,156,636,221 571,156,636,220
000055.png 570,156,635,222 832,222,846,293
000056.png 569,157,635,219
000057.png 569,158,635,223
000058.png 568,158,634,226 570,157,634,226
000059.png 569,158,634,226
000060.png 569,158,634,224
000061.png 569,158,634,222 569,158,634,222
000062.png 568,157,633,225 569,157,633,224
000063.png 569,157,634,224 571,156,634,223
000064.png 570,156,635,220
000065.png 570,156,636,220
000066.png 572,157,637,219 137,203,151,241
000067.png 571,157,636,222 98,206,113,250
000068.png 571,157,637,222 53,212,70,258
000069.png 571,157,637,221 0,218,14,267
000070.png 572,157,637,224
000071.png 572,157,636,224
000072.png 571,158,635,224
000073.png 571,157,635,221 899,237,925,349
000074.png 572,156,635,219
000075.png 572,157,635,221 549,171,562,180
000076.png 572,159,635,223
000077.png 572,160,636,220
000078.png 572,159,636,220 539,173,553,185
000079.png 572,158,635,219 537,172,552,185 198,204,214,240
000080.png 169,206,185,245 571,158,634,219 571,158,634,218 535,172,551,184
000081.png 571,159,632,219 530,174,548,187 571,159,632,218
000082.png 570,160,630,217 571,160,630,217 527,175,547,189 571,160,630,217
000083.png 570,160,630,221 523,176,541,190
000084.png 517,175,539,190 569,162,630,227 569,161,630,227
000085.png 569,160,630,223 513,175,534,190
000086.png 508,171,532,190 568,157,629,220
000087.png 568,158,627,223 504,172,527,190
000088.png 498,174,524,191 566,158,626,226
000089.png 492,175,518,193 565,160,625,223 565,160,625,223
000090.png 483,175,513,195 563,159,624,223 563,159,624,224
000091.png 475,175,509,197 562,160,621,223 563,160,621,223
000092.png 465,175,502,200 562,160,619,222
000093.png 454,176,494,202 561,161,620,224 835,199,848,238 561,161,620,224
000094.png 440,176,487,204 561,161,618,221 561,161,619,222
000095.png 424,176,477,208 559,160,618,220
000096.png 407,177,465,212 559,159,618,220
000097.png 384,177,450,217 558,158,617,220
000098.png 354,178,433,226 560,157,618,219
000099.png 314,181,412,235 559,158,618,218 548,167,561,179
000100.png 258,184,382,250 559,158,618,220 22,215,40,263
000101.png 172,188,343,270 561,157,618,215
000102.png 26,192,284,303 561,158,619,216
000103.png 0,203,185,351 560,159,620,217
000104.png 562,157,621,216
000105.png 565,158,621,216 541,169,555,182
000106.png 568,159,623,218 541,170,555,185
000107.png 568,160,623,218
000108.png 568,159,625,214 538,174,554,186
000109.png 570,156,626,214 536,173,552,185
000110.png 571,159,627,216 534,174,552,189
000111.png 572,161,627,218 530,173,550,191
000112.png 572,163,627,219 525,177,546,194
000113.png 572,165,627,218 521,178,543,195
000114.png 573,162,627,216 517,175,539,193
000115.png 511,173,537,193 573,160,627,213
000116.png 506,174,534,194 573,157,627,211 160,220,170,254
000117.png 500,174,528,196 573,156,626,209 573,156,626,210
000118.png 492,174,525,198 573,158,626,210 573,158,626,209
000119.png 483,174,518,200 573,157,626,209 573,157,626,211
000120.png 473,176,510,204 574,159,622,206
000121.png 462,177,505,207 574,160,624,209 574,160,625,209
000122.png 449,177,497,210 573,159,624,209 573,158,625,209
000123.png 432,179,488,214 573,159,625,210 573,159,626,210
000124.png 414,179,477,221 574,162,624,212
000125.png 390,183,463,229 574,164,627,213
000126.png 357,184,445,239 574,166,624,212
000127.png 312,184,420,247 575,165,626,214 575,165,626,214
000128.png 246,185,389,264 576,163,626,212 576,163,626,212
000129.png 139,187,341,290 575,161,626,210
000130.png 0,193,271,337 575,160,626,210
000131.png 0,206,135,352 577,160,627,211
000132.png 578,163,630,214 604,248,628,283
000133.png 608,260,634,303 581,166,632,214
000134.png 582,167,632,217
000135.png 583,167,633,216 609,283,652,365
000136.png 583,166,632,215 613,299,656,367
000137.png 584,164,631,214
000138.png 583,163,631,213
000139.png 584,162,631,211
000140.png 54,215,73,267 583,161,631,211
000141.png 0,223,16,277 583,161,631,209
000142.png 584,161,631,208
000143.png 583,160,630,205
000144.png 582,160,630,205
000145.png 581,163,628,211
000146.png 580,165,628,213
000147.png 580,165,627,213
000148.png 576,163,627,211
000149.png 578,162,626,209
000150.png 572,162,626,209
000151.png 574,162,627,210
000152.png 578,162,628,209
000153.png 578,162,627,209
000154.png 578,162,627,209
000155.png 578,162,627,208
000156.png 578,162,627,208
000157.png 579,162,627,208
000158.png 580,163,627,209
000159.png 580,163,627,209
000160.png 581,163,627,210
000161.png 577,163,627,210
000162.png 583,163,627,210 519,174,536,186
000163.png 583,164,628,210 518,174,533,187
000164.png 584,164,628,210
000165.png 583,165,628,211
000166.png 583,165,628,210 0,129,253,245
000167.png 584,165,628,209 1,113,231,249
000168.png 585,164,628,209 491,178,515,193
000169.png 487,176,511,195 586,164,627,206
000170.png 480,176,505,196 585,164,628,204
000171.png 469,176,498,197 585,165,628,207
000172.png 460,177,491,199 585,164,628,205
000173.png 450,176,484,200 582,163,627,205
000174.png 437,176,474,201 583,163,627,204 583,163,627,204
000175.png 422,178,463,204 582,164,626,206
000176.png 404,179,450,209 582,165,627,210
000177.png 382,178,435,213 583,164,627,206
000178.png 354,180,417,218 581,164,627,206
000179.png 320,181,392,225 582,164,627,206 718,196,726,233
000180.png 273,182,364,234 582,164,627,205 536,172,550,181
000181.png 204,184,324,247 583,165,626,207 10,215,28,266 535,172,548,182
000182.png 101,185,267,266 579,165,626,209 532,170,547,182
000183.png 0,191,177,295 584,164,627,206 529,170,545,182
000184.png 0,230,21,306 584,164,626,207 822,219,834,286
000185.png 584,163,627,206 526,172,542,183
000186.png 583,162,627,206 523,172,540,183
000187.png 520,172,537,183 585,163,628,208
000188.png 583,163,628,209 516,174,536,185
000189.png 513,171,533,186 584,161,627,207
000190.png 507,170,529,185 583,160,626,205 583,160,626,205
000191.png 504,172,525,187 585,161,627,207
000192.png 499,173,523,188 583,160,626,206
000193.png 493,174,518,190 583,160,626,207 583,160,626,207
000194.png 486,175,512,191 583,160,626,204
000195.png 478,174,507,193 583,161,625,205
000196.png 470,175,500,194 582,161,625,205
000197.png 461,176,494,195 581,161,625,206 581,161,625,205
000198.png 580,162,623,207 452,177,484,197
000199.png 439,179,476,200 579,162,622,208
000200.png 577,162,621,208 426,176,466,202
000201.png 405,178,454,204 577,161,620,205 576,160,621,205 1,216,19,262
000202.png 386,178,442,208 576,161,620,205 576,160,621,205 554,113,560,126
000203.png 575,163,620,208 364,182,423,214 776,212,784,268 552,113,560,127
000204.png 333,184,405,223 576,165,620,209 807,221,817,286 760,178,795,202
000205.png 295,186,380,231 576,164,621,209
000206.png 240,189,351,243 576,165,621,209
000207.png 163,193,310,261 575,165,622,210
000208.png 40,199,248,284 573,165,623,210 591,104,599,121
000209.png 0,207,154,314 575,165,623,210 592,102,599,118
000210.png 577,165,623,209 593,99,600,116
000211.png 577,164,624,208 593,95,601,113 553,171,565,180 542,97,551,115
000212.png 580,162,625,207 593,91,601,110 542,94,550,112 554,170,566,179
000213.png 580,162,625,206 539,91,548,110 592,89,601,109
000214.png 578,163,623,207 535,88,545,110 532,88,543,110 82,213,97,259
000215.png 25,219,41,271 532,83,542,109 578,163,623,208 551,170,564,179
000216.png 578,163,624,208 530,81,539,110 589,78,599,102
000217.png 588,75,600,100 575,165,622,209 523,78,536,105 548,172,563,181
000218.png 588,71,599,96 521,74,533,102 576,166,622,210 1039,134,1063,154
000219.png 520,69,531,100 589,66,601,95 579,166,624,211 215,151,230,178 1039,200,1091,233 1092,131,1119,153
000220.png 582,166,626,211 591,59,603,87 518,63,530,95 658,124,669,154 194,149,210,177 549,173,564,182 1159,126,1190,151
000221.png 513,53,526,86 582,163,626,208 173,148,187,175 548,169,563,179 591,50,603,80
000222.png 506,44,518,77 583,162,626,204 591,40,603,72 75,195,163,226 142,144,160,173 547,167,562,178 599,245,628,287
000223.png 500,34,512,71 590,31,602,65 30,195,144,231 582,161,626,206 670,112,683,146 109,145,130,176 537,169,551,179
000224.png 493,27,506,64 583,162,626,205 588,21,603,60 73,136,93,175 0,198,85,235 0,199,59,236
000225.png 0,200,84,239 588,9,602,46 582,162,626,204 681,103,697,143 29,134,51,177 481,14,498,56 30,133,49,169 540,171,555,181
000226.png 0,203,55,243 472,0,491,47 582,162,626,204 689,98,705,141 212,188,232,199 538,170,554,180 586,0,602,41
000227.png 585,0,602,30 582,162,625,206 460,0,478,35 696,91,715,138 0,217,26,243 539,170,552,181 525,172,537,183
000228.png 707,86,726,135 581,162,626,207 585,0,601,16 536,171,549,182 446,97,455,119
000229.png 580,162,626,207 717,74,743,132 441,94,449,116 534,170,548,181
000230.png 735,58,762,126 578,160,626,206 532,168,548,181 578,159,626,206 553,171,567,180
000231.png 756,41,787,118 578,159,625,205 532,168,548,179 578,159,625,205
000232.png 786,17,823,110 578,160,626,207 417,82,426,108 551,173,563,181
000233.png 830,0,875,97 578,160,626,207 506,173,521,185 523,170,539,183
000234.png 579,162,626,208 902,27,965,77 901,0,964,78 548,169,562,182 520,169,541,184
000235.png 581,164,626,211 1029,0,1109,40 60,154,78,186 518,170,538,186 546,173,562,185
000236.png 582,164,627,209 17,152,33,174 517,170,535,186 548,174,563,185
000237.png 582,162,627,204 487,174,508,190 517,168,533,184
000238.png 582,160,628,204 482,173,504,188 513,166,532,183 540,172,556,182 564,169,581,180
000239.png 475,175,498,192 509,167,529,185 584,161,629,204 537,172,556,183
000240.png 468,174,495,195 586,162,631,206 506,169,528,186 534,169,554,185
000241.png 461,176,489,196 503,167,525,186 588,160,632,204 534,170,554,185 296,21,311,63 588,160,633,204 0,191,27,207
000242.png 448,175,483,198 588,160,634,205 498,166,523,187 531,172,552,186 124,142,138,168 588,159,634,204
000243.png 439,177,475,201 590,161,635,206 494,168,518,189 527,172,549,188 76,140,96,167 548,170,565,181 237,0,259,43
000244.png 425,179,464,204 590,161,635,205 487,169,514,191 524,173,547,189 20,138,43,168 546,169,564,182 217,205,228,234
000245.png 408,181,451,208 590,161,636,206 518,175,543,191 481,168,510,193 187,207,198,241 545,171,563,184
000246.png 386,181,437,212 512,173,540,195 591,162,636,207 472,167,504,194 545,173,561,184
000247.png 360,183,418,218 505,174,536,196 463,166,498,196 591,162,637,208 535,171,558,186 104,214,119,256
000248.png 326,185,398,227 497,177,528,199 454,167,493,199 590,162,638,209 533,171,556,187 49,218,67,265
000249.png 281,187,368,235 487,176,524,202 591,161,638,209 528,170,554,187 441,166,485,201 664,135,681,151 441,166,484,201
000250.png 219,190,330,248 474,177,516,205 592,162,638,210 427,166,474,206 900,14,954,98 527,172,551,189 668,134,687,151
000251.png 127,195,277,269 460,178,507,211 524,173,548,191 593,163,639,211 411,168,462,211 411,168,462,210 674,131,693,149
000252.png 0,202,199,295 440,180,496,216 519,172,544,192 593,162,640,207 484,172,509,193 679,127,699,147 391,167,448,213
000253.png 0,217,63,308 415,181,482,222 514,171,541,192 593,162,640,207 475,176,501,194 366,168,420,218 686,123,708,145
000254.png 381,184,463,233 467,174,497,197 507,173,536,195 594,163,639,206 693,120,717,144 331,168,399,226 331,166,410,226
000255.png 329,186,437,247 457,176,489,199 500,173,532,197 290,166,387,235 290,165,386,235 595,163,639,207 594,164,638,206 594,163,638,206
000256.png 249,188,399,269 444,175,482,201 492,172,526,199 229,163,353,246 594,163,639,206 714,109,743,137 228,163,353,245
000257.png 98,193,339,308 480,172,520,201 431,174,472,202 594,162,639,206 140,162,306,240 594,162,639,205 727,99,760,132
000258.png 26,163,251,260 465,173,511,205 416,174,460,204 0,204,235,366 745,92,782,129 594,162,640,207
000259.png 0,155,142,296 452,174,502,210 398,176,449,210 487,172,508,189 593,163,639,210 555,170,566,178
000260.png 429,175,490,216 376,177,432,214 594,163,639,209 483,171,503,196
000261.png 347,177,412,220 404,177,473,223 463,174,495,198 594,163,640,210
000262.png 366,176,453,233 453,175,487,199 312,177,385,226 594,163,640,212
000263.png 313,177,425,247 442,174,479,201 263,178,347,235 594,162,640,210
000264.png 225,179,382,272 430,176,469,203 195,181,298,248 594,163,639,211
000265.png 62,183,315,312 412,177,457,207 593,164,639,212
000266.png 0,189,188,361 392,178,443,211 594,164,639,211 109,188,189,249
000267.png 366,177,426,215 0,196,58,301 594,163,639,211
000268.png 334,177,405,220 594,163,640,211
000269.png 295,178,379,228 594,162,640,211
000270.png 240,179,344,238 593,162,639,211
