000001.png 774,242,794,296
000002.png 770,245,788,292 774,247,791,293
000003.png
000004.png
000005.png
000006.png
000007.png
000008.png 764,240,784,292
000009.png
000010.png
000011.png 723,272,734,303
000012.png
000013.png
000014.png
000015.png
000016.png
000017.png
000018.png
000019.png
000020.png
000021.png
000022.png
000023.png
000024.png
000025.png
000026.png 755,267,771,302
000027.png 756,265,771,302
000028.png 757,266,773,302
000029.png 756,266,774,303
000030.png
000031.png
000032.png
000033.png
000034.png
000035.png 767,273,783,304
000036.png
000037.png 768,270,786,303
000038.png 769,261,786,303
000039.png 773,267,794,306
000040.png 775,267,793,306
000041.png 774,267,794,306
000042.png
000043.png 775,266,793,305
000044.png
000045.png
000046.png 781,264,798,304
000047.png
000048.png 784,266,799,304
000049.png 788,268,805,306 765,268,778,306
000050.png 765,266,780,307 788,267,808,307
000051.png 766,267,780,308 790,269,809,308
000052.png 765,267,780,310 789,269,809,309
000053.png 766,270,781,310 789,271,809,309
000054.png 766,269,781,310 789,269,809,309
000055.png 1250,258,1279,307 767,269,781,309 791,275,810,309
000056.png 766,266,781,308
000057.png 765,265,781,307 789,268,808,307
000058.png 765,266,780,308 790,271,807,307
000059.png 763,267,780,309 790,269,806,308
000060.png 762,266,780,309 790,269,806,309
000061.png 763,266,780,310
000062.png 763,267,780,310
000063.png 763,266,781,309
000064.png 764,267,781,309
000065.png 764,267,781,309
000066.png 764,268,781,309
000067.png 764,266,782,309
000068.png 765,266,783,309
000069.png 766,264,784,309
000070.png 765,264,784,307
000071.png 767,261,787,308
000072.png 767,261,788,307
000073.png 768,260,789,307
000074.png 769,260,790,308
000075.png 770,260,791,309
000076.png 769,259,791,310
000077.png 769,259,792,310
000078.png 769,260,792,310
000079.png 769,259,792,310
000080.png 768,258,792,310
000081.png 768,259,792,311
000082.png 769,260,791,311
000083.png 767,260,791,311
000084.png 767,260,791,311
000085.png 766,258,790,311
000086.png 767,259,790,311
000087.png 767,259,790,311
000088.png
000089.png 768,262,791,313
000090.png 768,259,791,312
000091.png 768,259,791,313
000092.png 768,259,791,314
000093.png 768,260,791,314
000094.png 769,256,791,314 753,252,767,291
000095.png 770,257,791,315 752,247,768,292
000096.png 769,257,789,314 751,249,769,291
000097.png 768,257,790,314
000098.png 766,256,789,315 749,249,767,292
000099.png 767,256,787,316 748,244,766,293
000100.png 767,258,785,316 817,263,833,311
000101.png 768,259,785,316
000102.png 767,258,785,316 817,261,834,313
000103.png 767,256,784,315 816,258,834,315 749,250,765,292
000104.png 768,255,784,313 817,258,836,315
000105.png 768,255,784,313 817,258,836,315
000106.png 768,257,784,313 816,258,838,317
000107.png 766,259,783,313 816,258,840,317 745,245,763,294
000108.png 767,259,782,313 815,259,841,318
000109.png 768,261,780,294 815,259,838,317
000110.png
000111.png 738,243,756,291 817,257,836,280
000112.png 815,255,843,316 818,256,839,283
000113.png 814,255,842,317
000114.png 813,255,837,319 733,242,752,294
000115.png 815,257,835,319
000116.png 816,257,835,320
000117.png
000118.png
000119.png
000120.png
000121.png
000122.png
000123.png
000124.png 842,252,863,277 841,252,869,302
000125.png 842,251,871,326 793,253,809,314 842,251,865,279
000126.png 792,252,811,319 841,251,874,325 842,250,865,278
000127.png 792,251,812,315 841,251,878,327 842,249,867,276
000128.png 841,251,877,326 840,250,869,314 793,274,881,329 842,250,869,299 791,251,812,281
000129.png 840,250,873,315 718,240,738,293 791,250,813,280
000130.png 844,250,873,311 717,239,738,293 791,250,814,280
000131.png 790,250,815,281 843,250,871,317
000132.png 840,274,888,331 790,250,815,281 788,250,817,288
000133.png 842,274,892,331 791,250,816,282 855,248,878,281
000134.png 842,274,892,331 791,251,816,282 855,249,878,281
000135.png 846,272,894,332 848,249,882,326 789,250,816,282 856,249,879,276 785,250,818,323
000136.png 850,271,899,333 785,249,817,328 851,246,885,315 856,247,884,277 792,249,817,287
000137.png 851,270,905,334 853,247,890,314 794,249,816,286
000138.png 852,269,905,334 858,246,891,305 707,245,721,293 709,246,726,293 799,247,815,284
000139.png 855,271,909,335 788,247,816,332 858,245,894,306 860,246,894,289
000140.png 858,271,912,336 859,246,899,314 861,246,896,299 705,245,719,291 791,246,815,295
000141.png 860,270,915,337 864,245,898,307 704,245,718,293 711,247,726,294
000142.png 862,271,919,338 864,247,905,312 790,261,845,298 703,246,718,294 868,246,901,278
000143.png 863,269,920,338 865,246,907,317 790,261,839,299 701,244,720,294 870,246,903,287 789,261,823,299
000144.png 865,270,922,339 871,245,906,319 790,260,841,299 875,245,904,297 701,245,720,294
000145.png 865,270,922,339 871,245,906,318 790,260,841,299 875,245,904,297 701,245,720,294
000146.png 868,271,928,341 870,244,910,316 874,244,908,277 700,247,717,295
000147.png 870,272,930,342 873,245,913,314 721,246,735,296 697,245,716,296 820,246,841,281 874,244,912,279 706,246,720,296
000148.png 873,270,938,344 820,279,847,347 879,242,922,320 818,244,849,300 716,246,733,296 698,246,715,295
000149.png 876,267,941,345 820,278,851,347 883,242,924,322 817,243,853,300 692,247,707,292
000150.png 881,267,948,345 819,274,855,348 886,242,929,323 817,242,856,309 714,243,731,295 692,245,707,292
000151.png 819,274,857,349 884,265,956,346 817,242,857,310 888,241,931,325 692,246,709,293 715,243,730,294
000152.png 887,265,960,347 818,273,861,350 891,240,938,327 816,242,861,308 691,243,708,293 712,244,729,295
000153.png 892,266,960,347 818,268,867,351 896,240,941,320 817,241,862,307 690,244,706,293 691,243,712,293
000154.png 896,264,967,347 817,268,871,351 902,237,947,316 816,240,868,310 690,245,706,294
000155.png 899,266,971,348 817,272,871,352 905,236,954,325 816,239,874,311 689,246,704,293
000156.png 902,265,977,350 817,268,878,354 908,236,956,324 821,237,878,316
000157.png 902,266,977,350 817,269,878,354 908,236,957,324 821,237,878,316
000158.png 821,268,884,356 906,260,986,351 915,234,959,325 821,236,878,314 688,245,703,294
000159.png 910,262,992,353 825,267,886,356 919,235,964,325 825,235,882,319 687,244,705,294
000160.png 831,260,898,358 918,260,1009,355 925,232,974,327 833,234,898,312 927,233,974,298
000161.png 924,256,1017,355 835,270,899,360 835,233,900,320 932,233,979,327 686,244,705,293
000162.png 927,260,1021,358 838,270,905,362 837,234,907,334 936,231,984,328 685,240,706,294
000163.png 929,259,1024,359 841,267,910,363 839,233,911,334 943,228,990,327 938,231,1001,332 687,243,705,294
000164.png 934,257,1031,360 843,261,918,364 948,227,996,328 842,230,917,327
000165.png 939,256,1037,361 849,266,922,366 854,227,920,338 950,227,1002,333 683,243,702,294 690,243,705,294
000166.png 954,259,1059,367 859,261,940,370 970,226,1021,333 868,226,940,342
000167.png 958,257,1071,369 863,260,948,373 975,223,1028,333 868,225,945,340 676,241,696,294 674,242,690,293
000168.png 964,254,1084,372 867,263,955,374 874,223,950,343 982,223,1034,337 675,242,695,294 674,244,688,293
000169.png 973,255,1105,375 876,259,970,379 995,220,1049,337 884,222,962,345 673,242,691,294 676,241,695,295
000170.png 979,255,1109,378 881,259,980,382 1001,219,1058,336 889,221,957,344 670,244,685,294 677,244,694,295 672,244,691,294
000171.png 989,254,1119,380 1009,216,1068,338 887,261,989,384 899,219,986,348 670,244,688,294 1252,300,1279,349
000172.png 996,253,1130,382 890,261,1001,387 1017,214,1078,343 907,216,990,351 1236,267,1279,347 669,244,687,294 1240,279,1279,346
000173.png 1001,252,1143,386 897,258,1014,391 1026,213,1089,342 921,213,1002,350 1233,256,1279,346 669,241,688,295 1233,246,1279,347 904,215,947,320
000174.png 1011,249,1157,387 904,255,1020,392 1035,211,1099,345 909,209,1009,353 1223,262,1279,345 670,248,687,295 1223,241,1279,345
000175.png 1021,250,1180,390 910,257,1033,395 1044,208,1111,345 1244,235,1279,314 927,208,1020,354 1213,269,1279,345 1213,268,1279,344 672,245,689,295
000176.png 1030,246,1187,392 1055,207,1123,344 916,256,1046,397 1234,225,1279,323 927,207,1025,354 1207,272,1279,343 1206,271,1279,344 664,244,681,294
000177.png 1030,246,1187,392 1055,207,1123,343 916,256,1046,397 1234,225,1279,323 927,207,1026,354 1207,272,1279,344 1206,271,1279,344 664,244,681,294
000178.png 1044,248,1203,395 923,253,1057,400 1062,207,1133,347 1202,268,1279,342 947,206,1045,355 1223,212,1279,327 686,242,701,295 665,243,683,295 660,245,674,292
000179.png 1053,248,1229,399 932,255,1072,404 1075,204,1146,348 951,202,1057,358 1201,198,1279,326
000180.png 1067,246,1242,402 1086,202,1160,350 935,254,1088,408 961,203,1067,358 1210,196,1279,319 1203,242,1279,347 659,245,674,292 684,246,698,295
000181.png 953,252,1119,415 1092,241,1279,408 1113,196,1193,352 981,197,1100,365
000182.png 962,244,1135,419 1125,192,1213,354 1107,238,1279,411 995,194,1114,368
000183.png 970,247,1153,423 1139,187,1231,356 1128,240,1279,414 1004,190,1127,372
000184.png 982,239,1180,428 1153,186,1251,353 1146,237,1279,407 1016,187,1148,375
000185.png 989,249,1197,434 1168,184,1271,361 1032,184,1162,379 1165,244,1279,393 653,242,672,294
000186.png 1025,240,1277,451 1076,169,1197,393 1221,178,1279,362 1225,179,1279,263
000187.png 1036,241,1279,457 1092,167,1244,392 1236,204,1279,327
000188.png 1053,242,1279,462 1111,158,1279,396
000189.png 1064,246,1279,456 1132,156,1276,399
000190.png 1093,252,1279,436 1176,142,1279,407
000191.png 1115,254,1279,439 1199,139,1279,385 637,246,655,294 1086,265,1160,334
000192.png 1223,151,1279,266 1083,219,1157,327 1134,272,1279,444 1079,277,1151,334
000193.png 1070,279,1148,338 1153,192,1279,451 1073,221,1145,318 1153,191,1279,451
000194.png 1065,279,1141,338 1071,218,1134,320 1175,306,1279,458
000195.png 1059,281,1133,337 1063,222,1125,316
000196.png 1053,277,1125,337 1060,222,1121,320 1221,291,1279,470
000197.png 1053,277,1125,337 1060,222,1121,320 1221,291,1279,470
000198.png 1047,279,1117,336 1051,223,1111,315 622,246,641,295 1258,387,1279,468
000199.png 1040,278,1110,335 1044,226,1103,317
000200.png 1035,273,1102,335 1041,225,1098,314
