000000.png 1105,175,1200,318 300,167,452,285 775,258,885,373 126,22,163,129 18,89,78,131 782,169,876,359 746,188,786,232 889,197,956,236 553,194,595,224 964,100,993,144 923,206,958,236 1186,198,1235,236 1161,209,1190,265 1164,241,1188,265 933,116,951,143
000001.png 1142,168,1220,312 299,164,450,280 776,254,888,372 2,83,69,125 784,167,864,357 908,191,978,233 117,13,158,124 760,187,794,229 985,92,1021,145 568,188,606,222 850,203,888,284 955,111,975,140 61,194,91,221
000002.png 299,157,445,271 1172,159,1232,310 925,180,1002,228 783,249,893,372 788,158,876,345 570,183,614,216 106,1,150,116 774,178,806,223 845,186,890,274 0,73,56,116 226,153,330,203 1008,83,1040,133 101,186,140,211 976,101,995,131
000003.png 791,243,897,372 943,180,1027,226 296,151,442,264 1198,156,1241,311 794,155,877,341 93,0,140,105 0,60,41,106 1002,91,1027,127 1031,76,1064,128 584,178,625,210 39,149,56,198
000004.png 962,174,1050,227 294,152,440,262 798,241,901,372 83,0,131,103 798,156,888,336 1197,196,1241,309 591,175,635,211 0,54,29,106 1023,90,1046,125 1057,86,1088,125 116,105,138,140 855,184,902,266
000005.png 292,154,437,262 983,178,1077,232 67,0,120,102 798,241,903,372 805,158,889,338 117,109,140,143 1048,91,1069,126 602,179,645,214 1084,74,1112,127 59,107,84,145 868,193,907,267 0,52,13,102
000006.png 292,155,434,263 1004,179,1101,233 802,244,911,372 804,158,911,339 53,0,107,100 59,107,83,148 115,109,139,145 1072,85,1094,124 1109,72,1139,125 614,176,659,215 750,174,914,229
000007.png 291,157,432,263 1025,185,1127,238 803,245,918,372 810,160,915,346 36,0,93,99 1097,86,1122,125 617,182,665,219 57,107,83,146 117,107,139,145 771,177,931,232 1140,86,1177,126 872,178,931,233 1140,68,1179,126
000008.png 802,246,923,373 1046,188,1154,243 18,0,78,95 289,156,429,264 808,164,915,350 1126,90,1151,125 873,179,949,236 115,106,139,147 58,106,83,147 1170,83,1206,127 631,186,675,222 129,185,177,211 643,187,675,221 422,167,464,201 873,201,916,264
000009.png 1069,194,1181,250 803,250,925,373 879,185,967,241 0,2,62,89 810,167,913,358 1157,90,1183,127 55,104,81,143 115,103,139,144 288,154,426,263 1203,64,1241,129 643,187,686,223 418,166,473,201 137,182,188,211 177,181,209,204 872,204,916,267 657,190,687,223 418,167,467,190
000010.png 1094,195,1210,257 892,186,986,245 800,253,924,373 0,2,40,88 286,154,424,266 810,169,910,363 1186,88,1215,130 54,105,79,145 113,107,138,147 647,190,696,226 146,185,193,213
000011.png 907,186,1006,247 1118,196,1240,258 800,251,922,372 807,167,900,361 285,160,423,265 110,108,138,147 51,105,76,147 656,189,705,230 0,0,14,71
000012.png 926,184,1027,244 1145,191,1241,254 796,248,917,372 808,165,898,356 108,104,134,145 45,104,73,144 666,187,717,226 283,154,420,261 169,189,207,214 434,168,494,207 842,172,906,266 665,187,695,225 203,186,226,207 229,186,255,204 689,191,718,226
000013.png 943,181,1049,244 790,247,911,372 1173,189,1241,252 804,163,891,341 42,100,68,142 282,152,416,258 104,101,131,142 172,184,216,210 435,166,503,205 241,184,262,201 688,179,734,225 839,183,903,264 211,183,240,205
000014.png 962,181,1074,247 795,248,909,372 801,165,879,332 1203,206,1241,254 281,156,417,259 38,99,66,143 101,100,129,144 443,166,511,208 180,185,223,212 705,188,743,228 220,184,253,210 442,169,490,207 847,189,897,265 455,190,493,236 492,202,521,237 687,187,740,226 684,186,714,226 860,200,897,266
000015.png 981,181,1098,249 783,248,904,372 792,167,877,339 34,98,60,142 99,100,126,144 282,155,415,259 695,184,752,229 836,190,891,269 454,167,519,207 258,183,278,204 281,155,415,260 695,184,728,227 189,184,229,210 227,188,246,210 851,193,891,269
000016.png 1001,180,1123,252 781,246,897,371 792,167,870,339 25,91,56,138 94,93,123,141 197,184,237,211 706,184,763,228 283,151,413,256 468,165,526,200 830,186,886,266 236,183,267,203 110,187,149,206 846,192,886,265 234,185,254,202
000017.png 1023,186,1150,258 776,251,890,372 784,172,879,332 282,158,410,258 90,94,120,140 20,92,50,139 203,184,245,212 469,168,535,207 127,187,158,208 716,189,778,232 737,193,775,232 274,181,291,201 714,187,746,227
000018.png 1045,190,1180,268 777,258,885,372 782,179,865,339 16,97,46,143 283,165,407,263 473,172,543,214 728,195,781,238 86,97,118,146 840,219,873,272 214,194,251,218 748,198,786,239 727,196,759,236
000019.png 1070,196,1212,276 769,263,880,372 773,182,853,343 284,173,408,269 9,102,39,151 80,103,114,152 737,201,778,243 486,178,550,217 831,225,867,277 215,196,257,223
000020.png 1097,197,1241,280 761,265,873,372 286,182,409,272 72,106,108,156 768,188,846,352 0,104,31,156 227,200,276,231 496,182,559,222 497,180,560,222 154,206,182,221
000021.png 1124,198,1241,278 290,180,408,272 758,264,865,372 761,185,846,351 0,102,24,153 64,104,102,155 506,180,568,220 237,202,289,232 527,223,575,261
000022.png 1154,194,1241,276 747,258,856,367 295,175,409,265 752,178,835,349 56,94,95,149 509,177,575,219 0,93,13,148 534,213,580,257 808,208,842,271 520,208,580,258
000023.png 738,251,848,363 740,178,831,349 1188,201,1241,276 299,170,409,262 46,87,87,142 804,195,860,249 521,173,585,213 0,86,19,143 108,127,133,158 516,208,585,255
000024.png 729,252,838,361 734,181,818,339 303,172,409,262 36,84,76,140 805,197,875,251 518,174,594,216 1223,231,1241,276 804,197,846,249
000025.png 721,252,827,359 308,171,411,261 815,196,891,253 725,178,808,331 22,75,65,138 536,174,602,214 524,209,555,256 110,125,137,157 561,211,605,259 570,213,609,260
000026.png 709,244,817,351 716,175,799,313 831,193,909,251 9,65,57,129 313,163,413,253 542,167,612,210 569,205,624,261 72,199,106,219 532,203,569,253 201,187,227,206 203,187,239,207 1116,194,1241,279
000027.png 699,241,804,345 707,171,787,314 846,187,928,247 321,157,417,247 553,163,620,200 589,207,634,254 1148,191,1241,279
000028.png 689,239,792,340 330,162,418,247 861,184,947,247 694,170,773,314 0,20,24,117 663,160,695,187 560,163,622,201 572,197,642,260 749,209,776,252 601,199,642,260
000029.png 673,239,778,339 684,168,750,305 877,185,967,249 337,162,422,251 569,165,637,204 337,163,422,251 555,201,590,253 603,201,653,260 313,180,339,205
000030.png 663,239,766,337 895,185,990,251 340,165,426,251 671,169,752,304 577,163,649,205 605,205,673,265 563,201,600,255 563,200,624,256
000031.png 654,237,751,338 912,190,1013,258 661,171,738,313 345,164,431,250 585,162,659,208 326,181,350,204 573,204,609,257
000032.png 647,236,741,337 653,170,723,317 933,192,1040,262 353,165,437,249 595,164,670,210 581,205,619,261 353,164,438,250
000033.png 636,235,727,335 956,191,1069,265 640,169,708,317 598,165,681,210 359,165,448,249 590,208,631,263 359,165,450,250 496,170,509,207
000034.png 629,236,716,331 636,165,706,318 976,189,1097,265 368,165,460,247 368,165,462,248 615,163,694,211 598,201,638,263
000035.png 624,164,690,308 1002,186,1133,266 620,222,706,326 677,199,735,280 377,162,472,246
000036.png 1030,185,1171,270 615,226,696,323 620,163,685,303 679,197,749,286 386,158,483,241 387,158,486,241
000037.png 606,225,689,324 612,163,675,306 1061,186,1215,274 677,200,767,288 399,158,500,241 649,156,730,205 400,158,501,240
000038.png 605,166,674,312 601,227,680,325 695,206,786,294 1096,189,1241,283 661,157,745,209 411,151,514,241 660,156,745,208 411,148,513,241 667,228,691,275
000039.png 713,209,808,302 596,232,674,326 602,166,665,312 663,210,706,282 1134,190,1241,278 424,160,526,241 674,158,761,208 313,185,343,205
000040.png 591,233,668,328 727,209,833,309 597,167,665,312 1180,209,1241,280 671,213,725,286 438,155,543,242 685,158,776,210 563,173,577,208 565,170,580,208 389,187,406,216
000041.png 589,232,662,329 748,216,863,320 594,167,653,312 687,213,743,292 453,161,557,243 693,159,795,212 576,173,587,209
000042.png 772,219,893,328 586,234,659,333 591,170,662,312 703,215,765,300 469,166,577,246 705,162,812,214 439,185,469,204
000043.png 796,227,931,343 592,171,656,314 590,239,655,334 721,163,833,219 724,217,789,309 486,167,594,247 208,199,263,237
000044.png 825,228,978,360 594,171,657,315 746,221,817,319 504,166,607,246 591,239,655,335 738,161,854,220 462,184,494,209 220,196,272,233 619,240,655,336 448,189,466,225 451,188,465,216
000045.png 858,227,1032,372 771,222,846,326 597,170,656,312 756,165,848,219 523,165,618,244 593,240,656,335 230,199,280,233 478,184,511,210
000046.png 896,234,1097,372 796,228,880,336 599,171,666,315 773,159,898,220 774,159,898,220 616,240,658,335 648,173,664,213 628,241,657,335 542,165,655,243 633,153,675,166 246,201,294,232 598,241,658,334 243,201,268,232
000047.png 936,241,1177,373 841,226,920,350 605,172,668,318 563,162,673,242 629,244,662,336 793,159,918,220 793,159,919,219 261,200,310,233 540,186,565,204 504,183,537,207
000048.png 989,245,1241,372 870,231,963,366 613,172,674,320 583,161,697,240 636,243,670,335 264,197,322,235 811,157,943,220 812,157,943,220 940,153,963,214 279,198,322,233
000049.png 620,171,685,318 909,236,1012,372 1049,254,1241,371 646,240,680,334 964,150,994,219 601,160,716,234 601,161,717,235 831,158,939,220 831,156,965,220
000050.png 1119,271,1241,372 945,239,1071,372 628,172,690,316 649,238,686,337 622,159,740,236 850,153,989,222 621,159,739,235 291,196,340,231 991,148,1028,219 990,148,1028,220 850,158,952,221 851,155,988,221
000051.png 639,171,700,317 1000,248,1135,372 1018,147,1061,220 641,157,762,237 657,239,692,335 871,152,1012,223 1017,147,1062,221 871,157,947,223 302,196,340,230 1210,337,1241,372
000052.png 649,171,710,320 891,154,1037,226 668,241,702,337 1043,145,1100,222 667,156,785,241 1027,255,1205,372 311,197,348,230 308,194,365,231 337,197,365,229 1043,145,1100,222 307,194,340,230
000053.png 660,173,721,321 911,157,1026,227 692,158,801,240 1068,145,1139,224 675,245,704,329 1069,145,1139,225 1087,268,1241,372 1087,270,1241,372 320,196,348,229
000054.png 673,171,733,316 1096,145,1182,227 930,152,1073,228 715,157,833,239 930,153,1073,228 336,197,380,230 323,196,382,231 1161,277,1241,372 1096,144,1182,227 659,246,719,339
000055.png 687,172,744,306 955,152,1111,230 955,152,1110,230 737,157,857,238 956,156,1070,230 335,192,389,229 691,240,726,339 333,191,375,228 1147,143,1230,224 1147,143,1229,224 900,216,912,247 736,157,820,239
000056.png 702,172,758,302 973,151,1138,233 339,191,398,230 708,240,739,333 1148,143,1241,232 759,156,882,239 975,152,1135,233 1147,143,1241,232 738,209,758,258 758,156,881,238 841,160,882,231 337,190,376,230 814,201,842,240
000057.png 718,171,773,312 992,151,1164,236 992,150,1164,236 725,246,750,334 1177,143,1241,232 341,190,408,231 778,150,907,238 1176,143,1241,232 784,132,951,202 584,189,603,221 779,154,907,238 662,183,697,205
000058.png 734,171,791,311 1012,150,1189,237 1013,149,1191,237 802,154,933,237 1203,142,1241,233 741,241,768,327 801,151,934,237 1202,142,1241,233 355,191,411,231 813,129,966,196
000059.png 752,169,808,314 825,153,960,236 1033,148,1214,237 1224,166,1241,230 757,249,785,326 1032,148,1214,237 679,180,715,205 600,189,618,221 364,196,412,230
000060.png 1051,148,1240,237 845,154,986,237 769,169,826,304 775,242,809,326
000061.png 870,153,1013,236 786,169,844,304 1068,149,1241,242 854,164,871,223 796,238,824,328 829,141,889,156
000062.png 891,153,1039,235 1085,148,1241,245 803,168,865,313 812,243,847,332 348,188,418,237 838,140,898,156 349,189,396,236 647,179,694,204
000063.png 1100,150,1241,247 912,153,1065,236 820,167,885,317 347,194,393,237
000064.png 1115,150,1241,249 838,165,903,308 932,153,1090,235 849,138,912,156 848,240,875,328 869,167,903,286 354,190,391,235
000065.png 1127,151,1238,248 857,166,921,304 954,153,1113,238 851,138,916,157 866,238,894,328 353,194,407,239 852,138,917,180
000066.png 1140,153,1241,250 875,167,940,299 972,154,1137,238 885,236,911,325 346,199,400,242 651,178,695,201 855,138,921,156 332,194,403,243
000067.png 894,168,959,310 1150,154,1241,256 897,239,928,328 991,156,1155,242 883,169,904,231 1145,300,1173,372 1085,159,1154,236 991,157,1100,241 856,141,920,158
000068.png 1154,156,1241,257 1010,158,1167,244 915,169,975,315 916,240,943,328 881,171,906,237 305,197,383,252 1206,312,1240,372 854,141,921,164
000069.png 1163,158,1241,261 1028,158,1181,243 931,169,989,316 934,239,960,328 285,199,371,258 852,143,921,161 879,171,903,234 286,200,345,257 486,194,549,227
000070.png 1170,158,1241,257 1041,157,1194,240 945,166,1005,312 849,141,918,160 950,236,976,326 275,198,356,254 878,174,901,233
000071.png 1173,156,1241,262 960,166,1018,301 1056,156,1202,242 965,236,993,322 845,139,914,157 1126,228,1159,284 297,201,341,254 870,173,895,229 624,181,674,206 984,169,1019,300
000072.png 1174,156,1241,264 970,165,1029,300 1069,156,1208,240 239,197,318,255 866,169,890,230 982,237,1007,324 837,137,910,157 969,166,1007,301
000073.png 1174,156,1241,264 977,165,1037,307 1080,155,1210,237 859,167,882,229 829,136,901,156 208,197,298,256 986,239,1016,322 834,175,856,230 207,197,269,254 562,182,647,237
000074.png 1173,156,1241,266 1088,156,1211,239 986,165,1042,311 852,170,874,230 180,197,241,258 821,137,895,156 1016,166,1044,278 825,175,849,232 181,196,278,261 228,200,279,257
000075.png 1169,158,1241,270 1096,157,1208,238 989,166,1047,303 842,171,864,232 810,137,883,158 297,205,334,234 149,205,211,262 815,174,839,233 197,204,250,263 1222,291,1241,347 152,203,249,265 1021,182,1047,279
000076.png 1164,158,1241,274 1099,160,1206,241 989,169,1047,296 270,208,310,237 831,171,853,234 1013,168,1048,289 798,137,872,157 113,204,178,265 113,203,213,266 163,206,217,264 514,192,561,245
000077.png 1158,160,1241,276 1101,163,1196,242 990,169,1049,295 817,172,840,238 129,207,186,270 73,207,140,268 784,140,860,159 73,208,119,268
000078.png 1151,162,1241,280 992,171,1048,307 1106,165,1186,245 804,175,828,240 771,140,848,161 30,208,96,271 999,241,1023,318 84,208,151,276 215,209,258,241 204,80,220,122 476,199,522,251 778,178,801,241 106,209,153,268 549,184,623,246 548,184,623,245
000079.png 1145,161,1241,281 991,171,1043,310 1107,165,1179,242 792,177,815,239 455,198,502,253 531,196,604,248 64,212,116,271 756,140,835,162 26,212,115,272 185,211,229,245
000080.png 986,172,1040,301 1135,161,1241,286 512,200,586,252 1106,166,1171,241 777,177,801,244 427,199,480,257 742,140,820,161 994,237,1018,316 0,215,73,281 24,216,73,278
000081.png 1125,163,1241,291 980,175,1034,295 1102,168,1160,242 490,197,566,254 761,177,786,244 986,239,1013,314 726,141,804,162 404,200,458,260 1013,204,1035,248 0,219,27,283
000082.png 1119,159,1241,296 974,178,1028,291 466,203,546,259 1099,170,1149,243 378,201,437,263 747,177,771,248 709,141,790,163 985,235,1009,312 980,233,1025,309
000083.png 1110,159,1241,296 442,204,524,263 969,177,1020,297 730,177,755,249 351,203,410,265 1094,168,1135,240 691,141,773,162
000084.png 415,207,502,266 1099,156,1241,298 960,175,1011,299 1058,185,1096,220 321,205,382,275 713,178,738,249 1088,168,1124,234 678,180,705,253 674,140,756,161 553,123,579,170
000085.png 1091,154,1241,301 387,209,477,270 950,175,1002,305 1039,183,1086,218 1080,166,1111,236 694,177,722,249 287,206,353,276 657,138,739,160
000086.png 357,211,451,274 943,177,994,281 1082,151,1241,304 1019,182,1070,217 678,176,705,253 1069,167,1100,236 250,209,322,277 638,137,722,159 953,235,976,301 352,189,393,209
000087.png 325,208,424,278 1075,152,1241,308 936,179,983,282 1000,182,1047,218 1058,168,1089,233 660,178,687,255 619,136,704,159 212,210,288,273
000088.png 290,207,394,283 1067,153,1241,313 927,180,973,289 978,184,1033,219 1046,169,1078,234 161,209,253,289 642,177,667,255 600,135,685,159 990,180,1043,212 1014,183,1044,214
000089.png 254,211,363,289 920,178,965,288 1062,149,1241,317 1035,169,1071,233 963,184,1006,218 118,214,214,297 624,178,650,258 997,183,1024,209 581,134,669,159 923,236,950,295 365,192,400,234
000090.png 212,216,331,296 62,214,173,307 1057,147,1241,323 912,179,957,280 1024,168,1062,229 606,177,633,262 948,182,986,217 976,179,1003,212 338,191,375,237 981,181,1004,206 559,132,654,154 952,179,987,210 338,192,374,237 915,231,942,300 0,282,19,372 559,131,655,201 1001,174,1027,197
000091.png 165,215,293,302 904,179,949,276 2,215,125,315 1049,146,1241,329 1010,168,1054,229 934,180,970,216 585,176,614,264 312,193,349,239 960,180,984,211 539,131,635,156 942,179,981,209 540,131,637,190
000092.png 1034,146,1241,334 118,216,252,309 895,179,940,275 997,170,1043,228 565,177,595,266 282,195,321,240 923,181,962,214 518,128,618,156 0,221,73,304 949,179,970,200 453,104,753,143 518,128,618,198 962,181,986,196
000093.png 57,217,206,318 1033,144,1241,334 984,170,1035,228 887,181,933,280 544,176,575,268 253,197,290,241 495,126,600,155 153,181,216,213 923,181,947,212 962,176,982,190 496,126,602,207
000094.png 0,221,154,328 1022,142,1241,338 523,175,555,272 881,180,927,280 970,167,1024,226 123,185,181,209 220,196,256,241 871,180,906,217 472,123,580,155 871,181,898,215 888,228,914,292 922,176,947,195 172,173,193,211 945,176,960,190
000095.png 1025,144,1241,351 0,222,94,340 854,182,892,218 957,169,1014,227 91,183,157,208 874,181,920,271 501,174,534,276 186,200,217,242 447,120,560,152 71,180,96,207 914,176,931,193
000096.png 1019,147,1241,362 869,181,914,270 942,171,997,227 478,173,512,280 838,182,882,219 57,181,128,209 124,170,145,212 0,281,22,347 1003,148,1092,276 422,117,538,151 873,231,898,292 994,180,1008,211 26,177,65,205 1082,135,1102,154 289,90,690,138 902,177,918,191
000097.png 1018,147,1241,367 927,173,982,229 451,174,487,283 18,180,95,207 864,180,907,277 820,182,864,220 0,176,26,204 978,184,1000,213 392,114,517,151 863,238,884,292 1084,135,1104,152 883,177,904,193
000098.png 1003,144,1241,369 910,174,964,227 859,179,901,280 422,172,459,288 0,178,60,208 803,184,847,218 962,183,994,214 358,110,491,152 1088,133,1109,162 351,198,408,293 815,182,853,216 0,335,59,372 805,180,852,213 896,175,916,187 64,171,90,213 856,235,883,289
000099.png 892,174,948,227 390,172,431,293 853,181,895,283 788,184,829,218 978,135,1240,369 317,199,376,295 965,184,986,218 944,184,968,213 322,106,467,149 978,132,1241,368 791,182,836,216 837,177,856,195
000100.png 768,182,813,218 973,132,1240,369 880,173,931,227 846,179,891,283 354,169,400,299 946,183,980,217 279,100,439,145 928,183,949,211 0,46,170,349 973,130,1241,369 184,239,263,292 1102,127,1127,158 280,201,343,297 822,177,839,193 866,175,886,190 931,183,981,216
000101.png 869,174,913,225 840,178,883,270 750,180,797,219 970,136,1241,369 928,183,966,216 952,188,975,225 317,167,364,255 908,183,931,211 237,93,409,139 236,200,303,317 316,166,365,303 1115,124,1138,145 1053,199,1108,244 839,175,857,187 842,224,869,286 802,177,819,191
000102.png 967,121,1241,369 273,165,326,262 936,186,973,226 836,177,881,273 735,179,781,217 911,183,953,216 844,172,893,222 894,182,918,210 1068,202,1135,252 187,83,371,133 780,176,799,192 187,83,371,196 833,175,851,188 1131,120,1162,142 823,174,839,187 741,177,783,202 785,176,803,191
000103.png 961,114,1241,368 920,186,969,227 833,178,877,275 896,181,936,216 223,163,283,317 717,177,766,217 873,181,900,211 835,221,873,281 130,74,335,130 0,173,23,205 828,172,876,218 126,200,211,341 820,173,834,188 765,174,782,191 0,97,88,200
000104.png 963,110,1241,369 167,161,231,345 830,177,873,277 941,189,972,236 877,183,921,215 905,186,956,227 703,178,750,217 62,66,293,123 811,174,852,219 748,176,762,192 885,184,928,219 0,197,28,260 864,181,885,214
000105.png 963,107,1241,368 95,162,172,359 927,188,972,238 827,177,870,275 889,187,942,227 866,183,905,216 684,178,733,218 794,172,839,220 0,54,241,121 776,175,798,190
000106.png 967,128,1241,368 6,157,102,373 912,187,974,239 827,179,864,274 874,187,927,228 668,178,717,217 777,173,827,220 854,182,889,213 761,175,782,190 714,176,732,192 0,40,184,116
000107.png 971,126,1240,367 899,188,979,242 861,188,913,228 823,181,861,277 651,178,700,218 760,172,809,220 807,183,831,211 578,194,604,217 696,175,716,192 745,175,765,191 854,184,875,208
000108.png 981,123,1240,368 888,188,989,243 855,188,900,229 635,179,684,219 744,173,794,218 821,183,857,277 793,183,824,215 727,174,751,191 680,176,698,192 379,184,395,220
000109.png 994,119,1241,368 876,188,974,243 848,188,889,230 623,178,669,218 818,182,855,267 728,172,775,218 778,184,803,214 665,175,682,192 803,183,824,219 712,175,734,190 823,234,848,283 701,174,717,186
000110.png 1014,116,1240,365 865,188,963,243 605,177,653,218 711,171,762,216 786,182,823,218 813,181,848,272 839,187,876,228 763,182,789,211 228,191,279,253 818,232,846,283 696,174,718,189 601,180,643,218
000111.png 853,187,953,243 1037,112,1240,365 591,176,638,218 805,179,843,272 773,180,814,216 748,180,778,211 696,169,742,215 174,202,265,260 828,186,864,229 678,173,699,187
000112.png 842,186,936,243 1074,110,1241,365 679,169,727,214 112,181,249,270 757,179,806,218 794,179,837,273 735,179,765,209 572,175,623,219 821,184,851,227 618,173,634,188 726,179,766,212
000113.png 832,185,932,242 744,178,793,215 1120,107,1241,369 54,182,232,275 665,168,710,213 556,175,607,218 796,177,831,271 723,178,751,209 649,172,669,186 708,178,747,206
000114.png 0,178,216,286 824,185,923,243 651,168,696,212 732,178,781,216 543,174,592,219 788,181,826,257 709,178,738,208 696,178,728,206 1207,105,1241,367 211,176,236,224 699,178,736,205 1165,212,1222,371 634,170,656,186 741,179,786,219 769,180,803,228
000115.png 0,183,198,295 815,185,918,245 720,178,772,218 636,168,682,212 694,179,727,210 781,178,820,269 1124,216,1215,282 525,177,579,220 1227,247,1241,372 621,171,641,187 678,179,700,205 179,178,212,250 759,181,792,227
000116.png 808,187,911,248 0,186,179,299 622,169,667,211 509,175,566,223 771,180,811,273 709,179,760,218 1126,213,1221,286 682,179,715,211 747,183,783,230 560,172,580,190 145,182,175,232 663,179,686,206 603,172,616,186
000117.png 0,192,161,315 798,188,905,250 696,180,749,221 608,170,652,212 490,177,551,225 674,180,703,214 761,181,801,267 769,223,799,277 108,182,137,236 737,183,769,233 650,179,671,206 662,180,698,210 592,171,611,187 1129,222,1236,292
000118.png 0,213,135,314 791,189,898,255 471,177,536,226 685,181,738,221 592,171,638,213 750,182,787,277 661,180,692,215 645,180,666,211 636,179,662,207 731,183,800,227 67,177,99,240
000119.png 782,188,892,257 0,238,104,325 737,184,776,275 673,181,726,223 578,171,623,213 454,179,521,228 646,182,680,217 715,185,791,238 630,180,666,210 23,176,55,242 624,179,656,210 619,176,640,201 621,179,643,206 758,189,792,231 516,173,535,192
000120.png 775,188,885,260 660,180,714,225 0,250,65,335 436,179,506,230 563,170,607,212 635,181,668,216 725,182,761,276 1142,225,1241,303 614,179,643,209 499,172,517,193 609,177,628,205 745,188,782,233 623,181,654,212
000121.png 766,189,878,262 413,179,486,232 621,182,657,216 646,181,701,223 549,171,591,212 709,184,747,273 1148,229,1241,307 598,179,625,209 694,187,774,241 730,188,774,240 482,171,502,193 0,274,18,338 597,178,618,207
000122.png 757,189,873,263 398,178,472,233 692,181,732,271 633,180,693,226 607,181,642,216 534,170,575,210 582,178,605,208 1156,231,1241,307 717,190,768,242 687,187,767,241 464,168,487,193 523,170,540,185 590,180,615,211 700,228,737,280
000123.png 748,189,866,265 372,180,457,235 594,180,631,217 517,170,560,211 673,181,716,272 619,180,678,226 699,189,759,245 571,178,599,209 569,178,592,208 557,176,582,201 468,170,484,190 448,170,472,193 679,223,713,277 673,187,757,244 683,229,718,280
000124.png 739,188,860,269 657,179,698,271 348,179,439,237 606,180,665,228 502,169,542,210 682,189,751,247 580,180,618,218 555,178,577,209 1176,230,1241,313 657,221,703,277 556,179,594,212 431,171,457,194 577,181,608,215 568,180,600,214 540,176,566,201 451,170,470,191
000125.png 732,188,854,270 666,187,740,248 485,169,527,210 637,179,677,269 325,180,415,239 565,180,605,218 593,179,648,228 1190,233,1241,313 435,169,455,190 644,224,677,275 547,180,579,212 541,179,566,208 415,172,440,194 524,175,552,201 560,180,600,215 638,179,677,243 388,177,424,216
000126.png 725,187,849,273 649,186,731,250 469,168,511,210 307,181,388,243 615,179,657,268 580,178,635,229 551,179,591,219 509,175,539,201 534,179,569,213 526,178,559,211 353,175,407,226 625,219,658,273 526,178,551,207 511,177,547,203 368,177,407,225 1207,258,1241,316 352,171,407,206 399,170,425,194
000127.png 718,185,845,275 277,182,376,248 632,185,725,252 456,169,496,210 598,179,637,268 538,180,579,220 494,176,525,200 514,179,555,212 339,178,391,225 512,178,539,206 566,179,612,226 531,180,559,214 404,171,424,193 444,168,461,182 385,172,412,196 360,178,391,227
000128.png 714,184,844,279 615,184,719,251 254,185,355,252 581,179,619,269 444,170,483,210 530,180,570,221 483,176,508,201 327,179,375,230 503,179,535,213 558,180,589,227 502,177,525,212 511,179,542,214 371,175,400,196 341,180,375,230 524,180,552,217 587,219,621,273 489,176,518,201
000129.png 713,184,849,286 607,185,718,255 233,188,341,259 564,180,607,269 436,173,474,212 300,180,363,236 523,182,566,222 496,180,525,214 387,174,408,192 508,181,539,216 494,180,518,211 357,165,394,201 569,223,604,273 482,178,501,202 548,179,613,224
000130.png 714,184,856,291 602,186,720,260 219,191,326,263 548,181,591,270 289,183,349,239 428,173,466,214 554,223,589,276 517,182,559,225 500,183,537,219 494,182,529,217 570,179,615,226 474,180,497,204 352,173,387,203 489,181,514,216 855,176,882,196 512,183,537,219 522,178,614,227 511,181,547,223
000131.png 598,188,720,266 717,185,866,298 199,195,315,271 540,183,578,273 423,175,461,216 509,185,551,225 274,184,336,247 859,175,891,200 293,165,381,209 488,184,513,218 562,181,614,234 495,184,524,218 467,179,492,206 319,166,382,209 345,169,381,208 532,180,613,233
000132.png 724,185,880,305 174,197,307,280 599,188,728,269 531,183,568,274 263,187,331,248 554,183,613,238 420,177,457,217 311,190,344,235 503,187,532,225 489,185,513,220 509,186,536,227 335,170,381,206 470,183,491,209 481,184,504,214 375,180,395,203
000133.png 735,185,898,313 599,189,735,274 165,201,298,283 549,183,616,244 253,187,327,253 521,183,561,273 496,186,529,226 304,192,342,237 418,178,455,218 342,173,379,209 288,189,341,238 481,184,506,217 473,183,494,212 313,190,340,241 492,186,520,221 375,182,393,204 524,224,559,276
000134.png 751,184,921,321 605,187,747,277 143,199,290,288 548,181,619,244 514,182,553,269 249,188,323,255 523,227,551,277 421,177,458,216 305,190,340,239 496,185,521,224 664,170,678,187 473,181,494,208 342,170,380,205 303,169,381,208 478,181,496,211
000135.png 769,181,958,332 611,185,763,281 128,198,286,289 547,179,628,244 514,180,548,270 247,185,320,258 424,173,462,212 309,189,342,238 498,180,523,221 350,176,384,205 386,177,400,197 460,176,479,200 476,178,494,205
000136.png 793,177,1002,342 114,196,282,293 618,182,781,283 550,175,638,242 429,170,465,208 240,181,321,258 512,176,546,270 313,186,345,234 348,164,391,202 495,176,521,214 463,173,484,196 537,178,566,222 390,176,406,198 482,175,505,203 686,166,698,184
000137.png 823,174,1061,361 628,179,802,288 100,197,280,297 560,173,649,243 239,181,324,260 509,174,549,265 436,167,472,207 313,185,350,235 539,177,573,228 504,173,526,202 360,163,398,200 403,175,414,198 401,174,414,195 528,176,577,227
000138.png 861,175,1138,370 640,179,831,293 87,196,280,303 570,172,662,243 241,179,326,262 444,168,480,204 543,176,583,226 513,174,550,260 319,184,357,226 317,184,349,233 344,182,380,207 506,172,530,201 710,161,732,181 368,166,407,201 479,170,499,194
000139.png 909,176,1240,369 654,180,860,303 71,196,279,310 578,170,677,248 239,179,328,263 547,176,593,227 517,174,553,261 454,166,488,204 727,160,749,182 321,184,357,235 321,183,364,222 539,175,568,192 520,211,547,266 518,211,554,270 375,161,416,199 382,168,416,199
000140.png 953,178,1241,368 51,197,277,315 670,182,896,316 589,172,693,250 244,178,333,266 561,177,604,230 462,167,496,203 326,184,370,231 520,174,558,261 325,187,357,239 744,161,767,185 359,180,394,208 522,211,558,267 543,175,578,202 386,162,426,199 546,175,578,211 506,172,523,196
000141.png 686,183,938,329 32,200,275,323 1005,179,1241,370 600,173,711,253 236,179,336,269 331,186,378,228 523,175,559,261 570,178,618,232 473,168,506,205 764,161,790,187 328,191,364,243 510,171,531,195 370,182,409,209 400,176,434,200 527,211,559,267 453,170,472,182 437,174,452,196 505,168,530,191 556,177,587,225
000142.png 701,183,987,346 8,201,271,334 610,174,726,255 1077,186,1241,370 230,181,341,276 335,186,383,228 331,193,367,245 578,180,625,234 529,175,563,253 785,162,811,188 482,169,515,205 374,182,412,209 562,180,599,228 550,176,573,191 1200,321,1241,372 404,163,443,201 333,188,372,235
000143.png 0,202,264,346 721,186,1046,365 1169,233,1241,371 622,174,743,262 227,181,342,278 342,186,393,229 589,180,640,236 333,193,376,246 807,162,838,192 535,175,570,256 338,189,389,239 490,167,524,205 375,180,420,210 523,173,547,193 452,174,469,193 571,181,594,226 559,175,585,193 414,162,453,200
000144.png 743,189,1123,371 0,203,259,350 635,175,763,267 225,181,345,282 349,186,398,232 332,193,380,249 832,161,863,195 601,181,652,241 541,175,572,262 501,169,534,205 386,181,428,210 482,171,503,184 463,175,476,201 463,175,482,198 580,184,601,230 372,160,463,203
000145.png 767,190,1213,369 0,203,249,362 647,173,784,272 217,180,346,282 338,193,385,251 353,185,405,231 608,179,666,242 860,161,897,199 545,174,579,264 509,166,542,202 588,180,625,228 372,157,472,205 570,172,602,205
000146.png 795,192,1241,370 0,203,239,369 658,172,806,275 206,179,347,286 336,191,389,251 357,184,409,230 886,158,931,206 620,177,681,245 550,172,585,253 518,165,552,201 597,177,640,230 577,172,608,208 579,174,613,213 399,180,444,209 551,212,583,266
000147.png 826,194,1242,369 0,202,226,370 671,170,831,280 195,177,347,287 919,156,966,221 336,188,392,254 363,181,414,228 628,176,694,248 555,169,592,248 606,176,661,228 557,208,589,265 528,163,559,198 380,151,485,203 583,170,622,203 399,174,450,206 597,172,625,204 598,174,624,216 606,176,633,220
000148.png 863,198,1241,368 0,202,208,371 685,169,857,287 177,175,345,293 334,187,394,255 638,175,711,246 954,153,1008,255 365,181,419,229 561,169,595,261 410,174,458,205 617,175,655,227 536,161,569,198 507,167,520,180 588,169,621,199
000149.png 0,204,187,369 909,210,1241,371 697,169,887,295 152,174,340,299 648,174,729,252 332,188,395,257 992,152,1047,276 368,181,424,230 567,169,602,258 543,161,576,196 626,175,663,231 415,174,463,206 598,167,638,199 499,165,513,198 613,168,642,205 614,173,643,220
000150.png 0,212,160,370 712,171,921,309 125,175,337,311 969,254,1241,370 325,188,396,261 367,182,426,234 1037,152,1094,288 657,176,747,258 570,170,607,245 550,162,580,197 417,175,468,209 637,179,675,236 602,171,632,201 623,174,654,220 633,176,689,233 628,176,674,231 598,169,617,197 400,150,507,204
000151.png 0,219,127,371 727,173,961,323 91,176,331,321 668,178,763,265 318,192,394,268 369,184,428,238 1090,153,1163,305 576,173,611,251 420,177,473,212 557,164,588,201 644,180,693,240 630,174,666,226 612,173,641,207 1066,341,1241,372 528,173,541,185 630,173,660,207 630,176,676,219 600,171,619,197 510,175,522,204 1090,154,1143,302 598,170,618,188
000152.png 742,175,1006,343 44,178,322,338 0,225,85,372 674,182,778,268 1154,158,1241,325 366,187,430,242 310,195,393,275 420,180,476,216 580,175,612,264 562,166,592,203 653,181,708,243 637,177,677,227 513,175,526,207 532,175,547,188 605,172,626,198 620,174,648,209 414,156,518,207 622,175,661,208
000153.png 758,175,1063,360 684,183,798,276 0,180,311,352 299,197,391,280 363,188,431,247 584,178,618,263 0,271,32,372 420,182,479,218 661,182,719,249 569,169,599,202 627,175,670,211 644,178,701,234 605,173,630,198 540,174,553,188 644,189,669,233 414,156,524,206
