000000.png 892,205,1240,371 284,163,320,192 323,172,349,192 1219,188,1241,207
000001.png 880,202,1241,371 283,162,322,192 320,169,346,191
000002.png 868,202,1241,371 279,162,316,192 1187,330,1241,372 279,163,340,194 315,172,342,192
000003.png 854,202,1241,370 274,175,336,197
000004.png 844,201,1241,369 265,164,329,198
000005.png 835,200,1241,369 257,164,324,200 257,165,305,200
000006.png 825,198,1241,370 248,166,297,201
000007.png 814,198,1239,371 237,176,312,203 238,178,287,203
000008.png 808,197,1198,370 228,166,295,203
000009.png 798,194,1161,367 218,172,277,203
000010.png 791,192,1128,356 205,166,293,202
000011.png 784,192,1100,348 194,162,284,202
000012.png 779,193,1075,341 196,175,242,204 210,161,278,201
000013.png 774,191,1054,333 171,176,234,207
000014.png 770,190,1034,326 159,177,229,210 197,163,268,204
000015.png 766,191,1015,322 148,180,219,212 192,167,262,207
000016.png 762,190,999,316 132,181,205,215 184,174,251,208
000017.png 758,188,982,310 115,181,199,216 176,169,242,208
000018.png 753,187,967,306 97,181,189,217 170,168,231,208
000019.png 749,187,952,301 77,181,183,219 159,179,222,210
000020.png 745,187,939,295 55,182,149,222 145,180,208,214 148,164,242,198
000021.png 741,187,927,292 33,183,133,224 129,181,196,216 138,167,236,199
000022.png 737,187,914,289 7,187,115,228 110,183,182,219 1198,315,1241,372
000023.png 733,189,903,285 0,187,93,231 89,184,164,222 1159,293,1241,371
000024.png 729,185,893,281 1124,278,1241,371 0,184,70,231 66,184,105,221
000025.png 724,185,881,278 1093,247,1241,371 73,181,132,219 0,184,27,227
000026.png 1065,221,1241,370 719,184,870,274 14,179,114,225 0,184,19,229 75,164,143,197
000027.png 1039,200,1241,370 715,185,860,271 0,182,91,227
000028.png 710,186,849,269 1015,192,1241,371 0,185,67,229
000029.png 706,187,839,267 992,186,1241,369 0,186,40,231
000030.png 972,183,1240,369 702,186,829,264
000031.png 950,180,1241,370 696,185,818,261
000032.png 927,179,1241,370 689,184,807,257 1108,204,1181,272
000033.png 906,178,1240,370 683,184,796,255
000034.png 882,177,1241,370 676,185,785,252
000035.png 863,175,1241,370 669,183,775,250
000036.png 844,174,1241,370 663,182,765,247
000037.png 827,174,1241,369 656,182,754,246
000038.png 808,174,1214,370 649,182,744,244
000039.png 790,173,1160,371 641,183,733,242
000040.png 774,175,1110,371 635,182,723,240
000041.png 757,177,1067,363 627,183,713,240 335,177,358,192
000042.png 741,177,1028,353 621,184,704,240
000043.png 725,177,991,344 614,183,694,237
000044.png 711,176,956,337 607,183,686,236
000045.png 697,177,926,331 602,182,678,236
000046.png 685,177,899,323 597,183,670,234 300,178,328,195
000047.png 673,177,873,318 590,184,662,234
000048.png 663,179,851,314 585,186,656,235 286,181,314,198
000049.png 652,178,830,308 581,184,650,232
000050.png 644,175,812,301 579,182,645,228 140,168,156,199
000051.png 634,173,794,294 572,179,638,226
000052.png 629,172,779,289 569,179,633,224
000053.png 621,172,764,283 566,178,629,222 265,175,295,194
000054.png 615,173,750,281 563,180,621,223 251,178,291,198
000055.png 609,176,740,279 560,181,615,224 245,179,285,199
000056.png 604,176,728,276 556,182,610,225 240,181,282,200
000057.png 598,176,718,275 555,182,606,225 232,181,276,201
000058.png 599,175,708,269 554,181,606,224 229,180,273,200 375,170,395,189
000059.png 593,176,701,267 554,181,601,223 226,178,270,200 746,203,786,234 374,169,395,188
000060.png 590,177,695,265 553,182,599,223 221,178,267,200 105,170,161,210 371,171,393,188
000061.png 589,178,689,263 553,183,597,222 216,178,263,202 368,168,393,190 94,170,152,209 775,209,822,248
000062.png 583,178,683,260 211,177,257,201 551,182,602,221 80,167,141,210 363,167,390,189 790,212,840,252
000063.png 577,178,673,258 202,177,252,200 550,182,593,220 64,167,127,210 359,167,386,190 741,112,866,134
000064.png 575,177,668,255 194,177,246,200 357,166,384,190 828,220,890,268 549,182,589,220 47,167,114,212 549,191,583,220
000065.png 572,179,662,254 185,178,238,204 354,168,382,193 547,182,584,221 28,170,99,217 97,183,166,212 252,88,267,114
000066.png 569,182,655,257 176,182,231,208 544,194,575,223 349,172,374,195 541,187,578,223 8,173,84,221
000067.png 566,183,649,256 543,189,577,226 167,184,224,211 0,176,69,226 343,173,377,199 228,83,244,117 76,189,144,219
000068.png 563,179,645,251 157,181,216,209 543,185,572,222 336,170,370,197 0,173,51,224 57,186,132,219
000069.png 560,176,640,246 146,177,209,205 330,167,356,192 541,181,571,218 0,169,29,222 35,181,117,216
000070.png 558,175,637,243 134,173,198,204 15,178,104,214 321,164,361,190 181,61,200,110 1146,281,1241,372 540,180,567,214
000071.png 556,174,632,241 121,175,170,204 0,179,89,217 314,164,341,189
000072.png 554,176,629,242 109,181,182,206 0,183,72,220 538,178,563,215 598,282,645,320
000073.png 552,179,624,243 120,178,173,208 0,181,55,221 297,163,327,192
000074.png 550,179,623,243 82,179,161,210 288,163,334,195 367,174,383,189
000075.png 551,179,621,238 68,178,152,209 277,161,326,195
000076.png 53,176,143,210 550,180,620,240 265,161,317,197 265,161,317,197
000077.png 38,176,132,211 548,179,620,237 252,160,309,197 358,175,385,189
000078.png 20,177,119,212 550,180,620,237 236,159,299,199
000079.png 2,175,109,212 550,180,618,236 219,157,287,200 337,174,386,190
000080.png 0,174,96,212 550,177,616,235 200,157,273,200 200,156,273,200 1164,103,1241,298
000081.png 552,177,617,232 0,173,81,213 177,153,258,201
000082.png 554,178,617,236 0,173,67,214 152,153,243,205 362,175,389,188
000083.png 0,175,50,213 556,178,617,235 121,152,223,208 121,152,223,208 333,170,389,190
000084.png 0,174,32,213 557,181,619,235 83,150,199,210 331,172,390,189
000085.png 559,178,619,232 38,146,171,211 0,175,11,206 331,168,388,187
000086.png 559,177,619,230 0,143,137,214
000087.png 0,138,97,213 560,176,620,229 326,169,368,186
000088.png 0,136,49,214 560,176,618,224 323,170,352,186
000089.png 561,176,618,226 320,169,350,186
000090.png 562,176,617,226 316,169,348,187 354,170,382,185
000091.png 561,176,618,224 312,169,347,188 312,170,361,188 362,171,381,185
000092.png 562,178,619,226 309,170,345,189 361,171,379,185
000093.png 562,177,619,225 304,172,340,190 357,172,377,187
000094.png 563,176,618,223 301,171,335,191 354,172,375,186
000095.png 564,175,617,224 295,169,335,189 352,171,370,186
000096.png 564,174,618,223 290,167,353,188 290,168,331,187
000097.png 565,171,617,219 283,166,321,186
000098.png 565,171,617,220 277,165,320,186
000099.png 566,175,617,221
000100.png 568,178,616,223 264,170,327,193
000101.png 568,178,617,223 256,167,349,194 256,168,315,193 333,174,355,189
000102.png 569,179,618,222 249,172,299,194 323,175,349,191
000103.png 568,179,622,223 239,171,330,197 239,174,283,197
000104.png 570,179,618,221 230,175,269,199
000105.png 571,178,618,217 274,175,310,196 222,178,250,199 222,176,267,198
000106.png 571,176,618,217 264,174,304,197 301,174,333,193
000107.png 571,176,617,219 256,174,298,197 296,175,328,193 232,173,257,198 488,174,508,186
000108.png 572,176,617,218 204,172,248,200 259,175,292,196 289,175,323,194 489,175,508,185 403,176,422,187
000109.png 573,175,617,218 179,173,241,200 282,173,317,193 238,172,284,197 255,172,284,197
000110.png 574,176,617,217 166,173,232,200 274,175,311,194 241,172,277,197 228,174,278,199
000111.png 149,174,227,202 574,176,618,217 266,176,305,195 216,175,269,199 236,174,270,198
000112.png 575,177,619,217 140,176,215,205 258,178,298,198 395,176,416,189 228,178,260,201 205,177,261,201
000113.png 576,179,619,218 121,177,203,207 193,177,252,204 394,179,417,191 251,181,292,200 263,182,292,200
000114.png 577,181,619,218 179,180,241,206 101,177,189,209 392,180,418,192 236,176,269,202
000115.png 578,181,620,219 83,177,169,210 166,179,233,206 389,180,411,192 228,180,260,203
000116.png 63,177,155,210 578,179,620,218 150,177,221,205 218,179,267,201 384,177,408,191
000117.png 41,174,138,209 134,175,210,204 578,176,620,215 463,174,499,184 384,174,404,189 208,166,246,201
000118.png 15,175,117,211 117,174,199,205 579,176,620,215 380,174,401,190 464,174,495,184 195,180,222,203
000119.png 0,177,98,216 100,178,186,209 579,178,620,215 377,177,400,191
000120.png 0,179,76,219 79,181,156,212 579,180,619,216 201,184,233,206
000121.png 0,182,50,222 161,180,221,208 579,181,620,217 53,183,114,215 452,175,475,190
000122.png 134,179,209,209 579,180,620,215 0,183,28,219 32,191,62,213 369,178,390,193 31,181,137,214
000123.png 116,178,195,209 579,178,620,213 59,178,118,214 457,175,490,187 364,178,386,193
000124.png 0,176,97,217 96,178,180,209 579,178,620,214 361,175,382,193
000125.png 0,177,74,220 73,180,165,212 580,182,619,216 357,178,381,194 458,175,487,188
000126.png 53,180,152,214 0,176,51,220 581,181,620,216 352,177,376,194
000127.png 29,180,125,216 581,181,621,213 0,180,25,220
000128.png 581,177,621,212 1,178,118,217 0,179,84,216
000129.png 0,178,94,217 581,176,622,211
000130.png 0,178,70,217 582,176,622,210 47,175,82,191
000131.png 582,177,624,211 0,179,46,217 331,176,359,193
000132.png 583,176,623,210 323,176,352,193 0,187,16,218
000133.png 584,176,624,210 318,176,351,194
000134.png 585,176,623,209 314,176,347,194
000135.png 587,174,625,208 308,176,343,194 0,181,33,198
000136.png 587,174,626,206 302,173,337,193 0,182,16,197
000137.png 588,168,626,204 295,171,333,190
000138.png 589,168,626,203 287,168,328,190
000139.png 588,175,628,207 278,174,322,194
000140.png 588,181,629,213 270,180,309,200
000141.png 588,181,626,213 261,181,295,202
000142.png 586,179,626,211 251,180,280,200 858,121,1099,238
000143.png 586,178,625,211 893,108,1131,246 242,182,262,200
