000000.png 876,213,1241,371 749,169,762,208 762,170,777,208
000001.png 902,218,1241,371 750,169,762,208 762,173,776,208 152,144,174,162 708,165,725,207
000002.png 936,221,1241,370 750,169,763,210 765,170,780,210 131,143,152,161
000003.png 976,246,1241,369 752,170,766,210 106,140,128,161 767,170,781,208
000004.png 753,169,768,210 770,165,787,211 1030,299,1241,371 79,138,101,160
000005.png 772,167,789,212 753,168,769,212 1106,328,1241,371 49,137,74,158
000006.png 755,167,772,213 775,165,792,213 708,170,721,203
000007.png 777,168,796,215 758,167,776,215 708,170,722,205 707,168,724,211
000008.png 760,169,778,215 782,165,801,216
000009.png 786,166,806,216 763,168,782,216 484,173,494,200
000010.png 791,163,810,217 768,163,789,217 224,158,244,217 480,171,491,199 516,174,526,194
000011.png 773,161,794,218 798,163,817,218 211,164,232,218 0,211,39,284
000012.png 804,163,825,220 782,159,803,220 196,165,221,218 475,168,486,199
000013.png 788,160,810,223 813,164,835,222 182,167,207,221 471,169,483,202 512,170,522,194
000014.png 168,166,193,225 796,168,818,228 824,167,845,227 471,173,481,204 436,168,451,195
000015.png 155,170,181,229 834,167,857,232 805,168,829,233 469,175,480,207 1090,18,1157,77 436,171,450,198
000016.png 138,172,166,231 810,167,841,236 846,168,872,237 464,176,479,210 0,212,27,259 0,228,54,303
000017.png 124,166,150,230 825,166,853,241 859,170,885,241 464,175,477,208
000018.png 837,164,867,243 874,169,900,242 104,167,129,230 610,160,640,185 463,174,475,208
000019.png 852,163,885,245 890,165,918,243 86,164,111,231 455,170,472,207
000020.png 866,159,900,246 906,161,937,246 62,161,89,231 454,168,470,206 422,165,432,194
000021.png 882,156,916,247 926,158,958,246 36,160,66,232 451,166,466,204 416,164,429,194
000022.png 948,159,981,254 902,154,940,253 11,160,42,237 449,168,463,206 410,165,424,197 727,166,742,205
000023.png 916,157,962,264 973,163,1008,266 446,174,460,214 404,171,422,203 0,160,13,246
000024.png 939,160,991,276 1004,166,1042,276 442,180,457,219 1078,175,1106,219 502,180,512,206
000025.png 962,161,1024,284 1037,163,1082,284 437,180,453,222 392,176,405,200 1108,175,1141,223
000026.png 997,158,1059,292 1076,160,1129,290 434,178,450,222 1144,171,1181,223 387,176,400,206 896,192,920,228 501,179,510,207 852,184,880,218
000027.png 1124,154,1198,301 1039,147,1104,300 431,173,448,218 380,172,393,210 907,189,934,227 1141,177,1172,233 497,174,509,204
000028.png 1179,152,1241,314 1095,144,1173,310 495,171,507,203 424,173,440,220 372,172,386,208 431,173,446,218 900,184,929,218 1202,176,1241,239
000029.png 1158,146,1241,333 418,175,437,221 932,186,966,233
000030.png 412,174,432,224 356,175,374,215 948,188,982,239 297,178,309,214 791,186,826,230 803,166,820,196
000031.png 964,188,1002,245 406,177,425,227 347,175,363,216 290,181,302,215 797,191,833,232
000032.png 981,187,1020,246 336,172,354,216 398,175,420,228 804,186,839,232
000033.png 1001,185,1043,246 327,167,345,214 393,173,412,225 160,61,174,138 423,170,434,200 485,168,498,205
000034.png 384,170,406,224 1024,186,1069,251 313,164,335,214 483,165,499,204
000035.png 302,163,325,215 376,170,401,227 1044,187,1100,254 1020,187,1100,255 484,166,497,204
000036.png 293,165,314,218 367,171,390,231 972,183,1038,235 1075,188,1135,255 1009,189,1048,237 247,176,261,214 475,172,486,207
000037.png 358,174,383,235 282,166,300,219 990,186,1067,244 1106,211,1174,261 470,175,483,211
000038.png 1140,192,1199,265 349,175,373,239 268,168,285,222 1009,181,1096,246 859,186,906,253 468,173,481,213 1009,181,1072,243
000039.png 338,175,362,241 1181,194,1241,274 253,167,272,224 871,186,923,257 808,167,826,223 465,178,479,212 1030,182,1123,249 1030,184,1090,247
000040.png 326,175,350,244 1053,183,1147,258 236,168,261,226 887,177,940,259 989,188,1024,235
000041.png 311,175,339,246 218,166,245,227 1081,182,1183,264 904,183,958,269 730,166,745,205
000042.png 200,167,224,230 296,179,322,251 1110,183,1228,271 920,179,984,276 611,155,654,187 788,147,836,241 174,177,190,222 1017,189,1062,250 536,131,547,152 729,164,743,205
000043.png 938,186,1010,286 280,179,309,256 1142,185,1241,274 179,168,202,234 156,171,176,227 770,148,843,245 729,165,745,207
000044.png 157,165,185,238 258,178,291,261 962,181,1041,297 1182,189,1241,277 438,172,453,221 141,175,161,228 466,169,481,205 278,216,295,243 803,149,852,249 732,166,748,209 810,180,854,250 726,165,742,209
000045.png 984,184,1080,308 240,180,272,267 130,167,165,242 821,193,855,254 464,169,478,207 125,174,143,236 432,169,448,221 1226,240,1241,282
000046.png 218,179,252,272 103,168,143,245 1010,183,1122,320 813,146,874,259 459,167,475,208 1096,210,1176,264 240,227,258,252 714,170,726,205 773,167,815,234
000047.png 1051,200,1175,336 191,180,229,278 76,168,113,249 824,145,885,264 1168,204,1241,271 893,163,911,201 213,228,233,259 417,168,435,226 514,166,529,204 718,170,728,205 780,167,817,237 458,171,473,205
000048.png 1093,203,1240,356 162,178,203,283 37,167,79,251 448,167,468,207 409,163,428,226 509,165,525,203 185,236,207,264 723,165,735,199 1003,191,1027,209 833,143,896,267 718,167,728,205 350,139,420,157
000049.png 129,180,175,292 11,166,43,255 845,142,911,275 399,160,421,229 1141,204,1241,356 785,166,840,241 151,234,177,269 904,162,927,204 447,164,465,208 742,167,760,215
000050.png 88,181,137,303 854,140,927,277 1199,229,1241,359 791,149,851,246 394,163,414,231 746,173,761,218 115,237,144,278 882,213,927,285 755,174,768,217 759,177,771,213
000051.png 43,182,100,313 869,140,947,280 72,245,102,287 796,144,865,251 380,164,405,233 1052,231,1241,333 501,166,516,208 761,177,774,218 721,172,733,210 747,173,764,220 899,189,968,295 831,151,877,256
000052.png 0,183,53,325 883,138,968,285 374,165,396,237 721,171,734,211 914,207,1014,304 750,175,772,223 435,171,451,211 800,145,875,255 1211,205,1241,254 844,155,898,268 497,168,512,208 21,252,56,299
000053.png 900,135,991,292 938,215,1040,316 362,165,387,240 813,168,883,261 503,126,515,151 431,172,448,214 233,181,254,227 190,133,326,194 193,187,211,234 308,138,393,159 317,180,336,202
000054.png 926,131,1023,302 964,218,1076,329 828,162,901,264 546,172,582,192 757,168,780,225 299,137,383,156 500,124,513,151 1164,164,1241,358 179,133,307,192 351,165,378,241 763,173,783,221
000055.png 945,126,1055,316 338,164,364,246 724,164,738,212 896,236,933,280 1157,200,1205,243 1025,265,1079,343 546,172,580,190 525,116,543,158 484,173,501,211 289,136,379,154 772,156,804,169 156,186,178,239 1010,219,1131,342 763,170,783,224 768,174,785,215 160,131,310,196 772,173,789,220 1113,237,1207,329 728,162,742,211
000056.png 973,122,1102,327 321,164,349,250 417,172,433,217 521,115,542,159 724,176,737,214 480,171,497,213 776,172,791,220 1072,274,1142,364 278,136,369,154 1026,197,1092,339 160,131,294,154 1071,226,1189,365 137,187,160,243 755,177,766,209 763,172,779,214 154,131,296,193 1189,201,1241,251 544,172,579,191
000057.png 1132,231,1240,373 1012,117,1156,344 723,173,740,215 1073,240,1142,360 301,166,336,253 770,194,798,231 411,173,428,219 771,169,795,224 520,115,538,158 546,172,578,189 986,160,1011,224 477,173,492,214 267,135,360,153 850,185,898,264 755,179,769,211 144,130,280,153 872,131,955,281 115,187,153,248 137,130,284,195 539,173,573,189 390,183,406,213
000058.png 285,162,320,258 403,169,420,218 1060,110,1216,363 772,170,797,228 724,169,742,218 773,193,802,232 966,223,1058,339 1129,255,1214,372 749,174,762,207 253,134,351,153 549,171,578,189 127,127,272,153 160,184,183,215 247,183,284,241 846,186,879,255 228,185,253,241 516,115,534,158 381,186,399,212
000059.png 266,165,299,263 1096,103,1241,371 395,172,415,221 775,171,805,234 589,122,606,160 731,170,747,219 777,195,806,236 994,226,1104,357 762,178,779,214 189,190,214,250 578,158,637,197 374,184,392,216 514,118,533,159 878,137,953,280 916,171,993,299 860,192,893,260 916,164,1020,299 144,184,166,216 579,157,636,197 244,133,343,152 845,168,862,228 754,179,765,213 475,119,490,151 545,172,576,188 226,185,251,244
000060.png 1029,221,1172,371 388,170,406,221 729,165,750,220 243,165,281,266 1154,103,1241,372 931,115,1113,311 365,186,384,214 779,171,810,238 854,169,872,227 125,184,147,218 507,113,527,158 762,180,780,215 887,131,977,286 39,191,62,218 848,168,864,226 530,172,570,189 190,183,220,248 80,124,241,154 780,170,813,239 79,123,243,199 223,132,331,152 876,215,909,265
000061.png 215,163,258,273 1084,226,1241,372 380,169,399,224 731,166,750,222 910,130,1004,295 781,171,814,230 967,110,1151,323 786,200,816,242 862,167,883,230 847,171,864,226 179,183,212,251 888,204,926,272 356,186,375,218 8,192,32,221 526,172,566,190 1057,224,1121,342 763,184,780,217 54,121,226,199 849,168,868,227 755,182,767,216
000062.png 371,169,391,227 190,163,231,280 732,167,751,225 1143,249,1241,372 788,170,823,243 996,101,1218,340 866,169,890,233 934,128,1042,306 500,112,520,158 897,208,942,276 755,181,769,218 31,120,209,198 112,191,151,261 520,174,560,193 80,186,105,218 851,174,865,212 1114,292,1169,369 153,186,184,255 762,183,772,219 791,193,823,245 347,187,366,218 228,182,244,218 789,173,823,245
000063.png 157,161,203,288 363,168,384,227 957,122,1085,316 876,166,901,235 733,166,754,227 795,167,828,246 918,204,966,283 2,118,189,198 1029,91,1240,358 854,174,869,215 1176,305,1241,372 338,187,357,219 126,186,158,258 869,169,883,232 497,115,516,159 762,184,775,220 800,209,831,248 515,174,542,192 756,183,772,220 52,185,83,265 516,174,551,191 1175,228,1241,372 54,186,82,220 573,156,629,198 1037,274,1121,358 80,189,123,264 34,118,189,148 536,172,559,190
000064.png 126,159,172,294 1056,77,1241,370 355,166,377,228 737,168,757,227 887,166,912,237 800,167,837,249 1086,288,1182,372 872,169,892,234 976,121,1092,329 855,173,872,216 1,115,167,195 160,232,173,269 326,187,347,218 779,154,830,173 569,155,625,198 431,173,448,222 182,123,285,147 0,115,167,147 755,181,768,222 755,182,772,219 1041,136,1149,165
000065.png 81,155,141,302 345,165,370,228 806,165,845,252 895,170,922,240 880,170,899,235 738,162,759,228 1006,114,1130,342 317,182,338,217 964,228,1005,298 0,109,145,201 1099,200,1241,372 8,187,67,268 162,181,195,227 855,171,873,214 1083,127,1238,204 0,109,144,144 762,180,778,217 548,168,562,201 568,153,623,196 491,110,510,155 182,179,201,218 0,183,26,271 160,120,268,146 774,181,794,220 1083,128,1238,163
000066.png 30,152,94,312 334,162,359,228 906,164,933,241 740,159,761,228 816,163,857,253 885,162,910,237 1056,106,1233,361 305,182,328,217 543,165,557,198 992,235,1038,307 567,152,621,195 566,152,621,195 166,178,185,225 0,104,119,192 0,103,118,140 776,181,790,220 782,149,837,170 823,208,857,256 833,161,859,249 135,116,250,140 764,179,775,216 276,176,299,216
000067.png 0,153,47,327 324,163,349,229 895,162,919,237 745,156,765,229 916,162,944,243 826,156,871,253 832,208,869,260 1100,94,1240,370 1083,156,1115,226 563,151,616,195 1024,257,1069,317 0,106,88,144 295,185,315,218 562,152,616,196 24,243,52,294 763,178,776,215 779,175,796,221 1001,198,1072,317 435,171,454,201 537,165,551,197 108,116,239,210
000068.png 1022,205,1084,291 1062,272,1111,334 929,164,957,249 314,162,336,233 905,163,930,241 838,158,883,260 747,159,770,236 846,214,883,267 0,208,18,289 1156,79,1241,371 1079,234,1175,294 1105,154,1156,236 284,185,307,222 558,153,615,198 995,218,1057,297 0,114,59,146 78,116,218,202 530,168,545,205 78,115,218,143 96,183,131,237 1101,155,1162,292 532,166,548,200 129,183,149,232 779,176,796,224 99,183,129,226
000069.png 1051,205,1124,308 850,161,901,268 300,164,324,238 914,164,943,244 942,166,967,254 749,158,774,239 271,187,292,224 860,212,904,275 1193,185,1223,244 106,187,126,239 555,153,614,200 1106,276,1162,355 0,121,24,148 1024,229,1091,310 1135,156,1193,241 45,115,201,143 1128,241,1232,311 45,114,201,204 545,167,555,201 75,186,106,240 491,173,530,195 75,185,101,208 1107,306,1162,355 50,184,74,208
000070.png 1085,212,1165,321 928,166,958,251 864,161,916,275 287,168,316,242 955,165,991,261 752,162,778,244 870,216,921,284 553,155,611,203 1155,148,1236,247 1163,254,1232,372 255,191,281,229 1055,231,1132,325 49,188,81,246 8,115,184,144 489,176,520,193 366,177,389,238 85,189,106,241 529,174,541,209 521,175,534,204 1154,148,1240,317 533,172,547,207 8,115,182,210
000071.png 880,161,939,285 941,166,975,254 974,164,1003,265 756,160,788,248 272,169,301,247 1124,217,1216,336 895,222,942,292 1190,216,1242,308 547,156,609,203 1212,161,1241,250 0,114,162,142 352,177,376,242 0,113,162,212 63,191,83,213 527,172,541,210 241,194,267,230 1096,257,1178,339 514,173,530,213 25,191,52,213
000072.png 896,160,964,293 258,168,286,248 992,165,1025,270 958,165,996,259 762,157,793,251 1174,219,1241,338 545,154,606,202 1133,242,1241,357 918,231,959,299 226,193,252,232 0,190,33,247 341,174,371,244 504,174,519,213 0,111,138,140 453,101,474,157 522,170,537,207 512,172,523,211 799,196,832,237 729,178,749,206 520,173,534,207 108,192,141,247
000073.png 918,158,995,301 1011,164,1047,276 245,167,275,250 766,158,796,256 983,165,1012,262 209,193,235,235 323,171,350,247 942,232,987,308 541,154,601,202 942,233,974,308 540,154,601,203 83,191,118,250 805,193,840,239 516,170,531,208 0,108,114,139 513,171,527,209 497,168,513,211 1,192,32,217
000074.png 947,152,1028,308 228,166,259,255 1030,161,1072,281 770,155,804,259 190,194,219,237 308,174,336,250 971,234,1013,318 537,154,597,202 1225,274,1241,357 493,168,511,213 536,154,598,202 64,195,100,251 510,170,524,209 467,176,494,194 1042,197,1075,232 1225,237,1241,357
000075.png 983,155,1071,316 211,165,243,259 776,158,812,265 1061,162,1103,289 174,194,206,239 533,153,593,203 1008,241,1042,332 485,166,501,216 34,192,70,256 501,171,516,211 1050,241,1069,306 893,170,918,199 806,146,869,170 956,200,980,235 290,174,320,255 108,187,149,245 806,146,869,193 1005,240,1060,333 714,182,728,207
000076.png 1024,154,1120,329 192,166,225,260 529,152,593,204 789,157,823,271 153,193,189,239 2,190,39,257 776,190,795,245 274,169,305,257 478,167,495,212 1110,170,1139,297 1048,250,1088,351 494,168,509,208 1048,245,1107,351 815,146,881,192 596,160,611,201 825,187,854,248
000077.png 1072,151,1182,343 173,167,205,263 800,155,835,278 133,194,171,243 248,164,286,263 527,153,592,205 835,188,895,253 1080,163,1119,288 856,210,902,260 779,179,804,249 472,172,487,218 1103,260,1139,369 1135,177,1181,257 1103,256,1175,369 1132,170,1184,343 485,169,501,214 481,170,496,215 714,184,730,209 828,147,894,168
000078.png 1133,149,1241,367 154,167,185,270 1117,161,1168,300 844,189,907,258 231,164,264,270 810,155,851,286 787,193,810,256 111,198,150,248 464,169,481,221 864,214,919,267 523,154,592,207 1168,270,1211,372 1203,180,1241,267 603,170,616,205 479,173,494,213 1164,159,1204,235 494,175,514,197 838,146,909,169 1168,267,1240,372 523,154,592,207
000079.png 1160,161,1219,314 130,171,171,277 823,157,862,297 1209,160,1241,358 202,167,244,279 86,201,126,253 859,192,919,264 793,200,818,260 602,174,617,208 519,155,589,209 1219,159,1241,360 484,177,512,200 871,208,938,277 469,174,487,223 453,173,471,227 1019,211,1048,253 845,147,924,171 458,173,474,218
000080.png 102,170,156,283 1208,164,1241,325 59,203,99,256 833,154,876,306 174,168,217,286 515,155,586,212 801,202,828,267 444,170,466,230 884,218,958,282 477,177,506,201 854,146,936,173 245,177,277,237 603,174,617,210 1035,214,1068,258 602,177,613,211 902,195,935,230 878,195,937,276 863,159,892,268 466,176,482,222 1024,213,1067,258
000081.png 68,171,127,288 813,203,839,272 854,151,898,316 512,154,583,211 146,168,193,292 30,203,71,259 468,176,504,200 835,206,860,273 277,185,318,228 604,172,626,210 432,171,454,232 715,178,760,215 858,144,947,168 448,174,471,225 895,196,953,278 943,176,967,211 883,157,914,275 437,173,456,230 884,157,913,240 232,179,265,238 231,178,252,237
000082.png 41,168,95,290 109,163,166,300 825,201,853,277 873,147,921,330 850,195,876,280 509,151,582,210 457,174,499,198 0,202,43,265 264,193,309,229 422,167,445,235 849,140,962,165 213,175,236,238 923,219,1009,297 606,174,625,210 908,152,937,285 214,175,248,239 314,180,344,223 939,199,971,249 734,177,760,215 716,176,760,215 715,183,733,215
000083.png 68,166,132,311 18,167,61,296 838,206,868,287 898,143,949,343 866,204,896,288 410,166,435,236 450,174,497,198 504,150,579,210 250,187,295,230 195,173,233,242 935,150,966,280 859,137,978,167 433,170,451,224 945,233,1043,311 172,177,195,240 606,173,623,208
000084.png 930,141,987,364 17,165,92,323 857,210,891,298 889,206,918,297 500,150,576,211 236,193,284,232 1004,239,1085,320 397,167,424,235 449,174,493,199 968,146,1014,300 0,170,27,305 418,168,440,224 399,201,422,242 172,172,214,245 608,173,630,210 155,177,180,243 856,171,871,216 802,175,824,210 860,155,892,174
000085.png 969,139,1034,372 879,214,919,311 915,210,947,309 0,200,42,332 1044,244,1132,337 1006,144,1061,327 431,176,488,202 857,170,876,216 384,167,411,234 407,169,427,227 496,151,574,213 221,194,271,236 384,203,410,246 610,173,632,213 495,151,574,214 151,173,174,246 220,195,258,237 791,178,811,212 1018,162,1062,329 610,187,638,215 109,196,154,248 889,137,976,170 807,177,828,212 132,182,158,247 220,196,244,237 384,192,421,244
000086.png 907,215,948,324 203,190,256,239 1019,132,1108,372 946,212,987,323 1099,253,1193,357 863,169,881,219 898,135,1027,208 368,165,399,236 436,176,485,202 84,197,129,252 364,197,416,251 490,151,571,214 107,182,139,252 791,177,812,213 910,174,928,217 127,173,167,251 808,176,832,213 976,187,1020,313 613,177,635,212 394,172,416,232 613,184,640,214 127,173,152,250 1065,143,1124,360
000087.png 1081,126,1214,371 983,215,1047,342 186,192,241,241 346,199,402,256 937,223,998,341 866,166,887,219 352,166,383,244 251,181,284,234 433,176,481,201 303,181,348,205 380,169,405,236 484,149,567,215 914,171,932,220 914,133,1062,211 999,190,1039,234 813,179,835,213 617,187,645,215 617,175,637,209 58,196,102,256 795,177,813,213 86,176,128,255 917,133,1063,166 100,175,140,255 83,180,114,255 619,191,648,217 1163,246,1241,371 808,179,828,213 101,176,126,254
000088.png 972,231,1049,362 165,192,225,244 1034,221,1102,364 324,201,376,261 1152,115,1241,370 335,165,366,248 872,168,892,220 481,148,566,217 428,176,476,202 620,169,645,208 363,167,389,239 66,169,123,258 237,181,276,235 936,130,1090,210 1024,194,1058,245 1078,252,1161,342 936,130,1091,164 26,197,75,260 814,177,837,214 296,183,337,204 620,193,644,214 275,182,338,204 1034,247,1161,342 802,176,836,214 909,153,973,175 953,214,1007,263
000089.png 1028,231,1113,373 474,147,561,217 144,193,208,246 299,204,353,268 316,164,346,253 1090,227,1168,373 344,164,374,241 36,169,88,263 877,166,899,220 0,197,45,263 220,182,260,236 421,175,473,202 622,170,645,210 744,120,757,150 1155,213,1236,318 1048,192,1096,259 970,220,1018,268 799,176,841,215 955,125,1121,214 953,126,1122,164 922,136,988,174 623,188,649,217 351,199,374,243 263,182,316,204 922,147,987,175 929,175,948,221
000090.png 123,199,191,249 272,204,330,275 323,162,357,247 283,163,326,261 0,169,56,268 202,183,248,239 470,147,559,218 424,176,469,201 1109,239,1198,373 1181,240,1241,372 1074,196,1133,302 151,180,178,239 625,173,649,212 471,147,560,218 883,168,904,221 988,224,1030,276 626,188,651,217 973,127,1160,217 1047,178,1081,218 973,127,1160,166 947,179,961,227
000091.png 98,199,171,254 240,205,310,286 888,166,910,224 249,161,300,271 1008,226,1067,281 1204,283,1241,370 307,166,338,252 1101,249,1180,316 183,185,224,243 413,176,460,204 627,175,650,210 464,148,556,219 464,148,556,220 952,133,1040,178 1113,203,1189,299 1076,177,1096,215 998,123,1201,167 1044,225,1113,289 1001,122,1208,291 217,180,259,211
000092.png 72,203,150,260 203,209,282,299 273,169,318,254 458,148,554,222 1035,231,1071,287 894,165,916,226 1145,254,1237,327 207,163,268,283 166,188,207,249 403,178,457,206 958,167,976,227 631,176,654,216 278,212,317,267 973,129,1075,180 1150,201,1223,264 1031,115,1241,304 1154,204,1225,286 1158,208,1240,308 1030,117,1242,165 1030,117,1241,221 1097,176,1119,217 1095,232,1152,300 71,209,108,260
000093.png 156,215,244,313 41,205,127,266 176,164,236,294 1060,234,1103,296 251,168,292,258 899,167,923,228 248,212,296,276 452,148,550,225 1190,204,1230,260 969,168,992,233 401,180,446,208 1182,259,1241,343 633,176,657,220 999,128,1142,181 1115,177,1141,219 1063,115,1241,313 452,149,550,225 147,190,180,253 1096,176,1142,224 1062,115,1242,165 999,128,1100,180
000094.png 98,220,208,328 209,209,273,290 9,207,102,270 904,169,930,231 214,165,266,263 122,163,193,308 1090,239,1145,306 1021,123,1188,183 1105,108,1241,239 445,147,547,226 635,177,658,221 981,168,1004,234 397,179,443,208 1139,180,1166,222 188,183,227,207 1122,238,1230,307 1127,179,1168,231 759,114,772,146 1105,111,1241,164
000095.png 24,226,161,350 166,218,246,301 176,169,235,279 912,167,939,231 64,164,145,328 1051,118,1232,183 1145,112,1241,160 992,165,1015,235 0,209,73,275 1124,244,1184,315 438,147,543,228 389,180,440,209 636,175,663,222 1167,180,1196,222 437,147,543,228 0,217,22,276 1145,112,1241,246 637,189,665,223 1202,255,1241,314
000096.png 115,217,215,314 0,160,82,347 0,234,109,356 132,171,199,283 1006,164,1033,242 921,167,946,234 1092,112,1241,184 384,179,432,209 431,147,540,230 81,188,116,267 642,177,665,221 1168,253,1236,329 1174,179,1227,249 827,181,878,228 844,182,879,228 432,146,540,230 316,172,331,215 1187,179,1227,232 73,186,116,291
000097.png 55,221,174,329 82,167,156,296 928,166,958,237 1135,119,1241,185 423,145,537,231 377,179,426,209 1021,166,1046,243 151,183,196,211 644,176,671,219 307,170,324,216 181,187,234,213 52,191,88,263 826,184,871,230 644,189,672,223 774,108,789,147 0,236,13,275 0,183,82,271 1203,256,1241,342 131,182,155,214 0,238,42,364 127,181,152,218
000098.png 0,225,124,348 10,167,104,310 1033,164,1063,248 936,167,964,237 372,179,418,210 648,177,674,221 414,145,534,234 855,181,893,232 830,184,874,231 1186,135,1241,187 415,145,533,234 777,105,795,144
000099.png 0,187,36,322 407,144,529,236 946,165,974,238 783,99,800,144 1047,163,1078,247 358,180,409,213 834,182,882,230 650,178,676,221 0,265,65,346 859,192,904,233 284,168,308,219 31,223,96,269 859,183,903,233 1063,165,1086,249 51,180,66,220
000100.png 396,142,525,237 955,166,988,240 0,224,66,282 350,180,401,214 1065,162,1105,253 276,167,296,219 655,173,681,222 791,94,807,138 841,182,891,233 1064,162,1094,250 439,124,450,145 656,194,682,228 869,189,910,235 1006,198,1048,238
000101.png 386,141,521,238 967,163,1000,242 343,178,390,211 658,173,685,223 798,89,817,139 1081,163,1120,255 1098,163,1127,257 845,180,900,235 261,166,284,219 658,193,683,228 873,194,919,238
000102.png 978,162,1011,242 807,85,825,135 377,135,517,238 333,176,381,210 663,170,688,220 662,188,688,224 256,162,275,217 244,156,262,218 1106,162,1152,261 857,182,907,236 1101,164,1137,252 1121,162,1153,262 880,180,910,236 87,177,149,213
000103.png 817,78,836,133 366,133,510,241 992,161,1026,243 857,180,917,236 326,175,370,211 666,172,691,220 245,162,265,219 231,151,249,217 72,178,128,214 1142,159,1179,265 888,195,941,241 1130,160,1174,263 991,161,1014,244 1121,161,1156,261
000104.png 1004,159,1039,244 825,71,847,130 354,134,506,244 870,181,925,237 668,166,695,218 232,163,252,221 215,153,238,222 319,177,359,213 1168,156,1210,268 667,192,696,224 57,179,105,216 1147,160,1187,262 885,195,951,242 501,171,518,221 906,198,950,242 904,183,949,242
000105.png 1017,160,1052,249 872,179,937,242 341,134,500,249 670,168,698,224 837,68,858,129 498,172,515,225 669,193,698,230 313,179,346,215 913,199,963,247 1199,157,1240,272 1017,160,1041,248 218,164,239,225 201,154,231,227 41,184,81,220 1175,161,1208,259 864,198,962,248 1179,158,1240,271
000106.png 1032,163,1067,254 849,62,874,127 882,181,943,244 914,181,975,253 676,174,699,223 494,177,512,228 1204,164,1241,261 205,167,227,228 328,132,496,253 673,194,700,233 301,180,333,217 189,155,211,227 939,207,978,253 26,191,55,221 910,202,979,252 872,206,976,251
000107.png 1048,162,1086,259 864,57,890,127 888,186,960,251 678,176,701,226 489,174,508,229 167,155,205,229 677,196,701,233 192,165,215,219 931,203,989,258 314,132,490,256 894,203,989,258 948,205,989,257
000108.png 1064,162,1103,261 881,47,909,123 901,185,969,252 1146,208,1225,268 682,174,705,233 484,173,506,230 154,153,183,229 931,206,1005,260 297,127,483,259 175,162,197,228 944,187,1004,260
000109.png 1081,160,1121,262 481,174,502,230 917,188,988,253 684,170,706,229 159,161,184,231 139,152,166,231 962,185,1020,261 966,210,1037,263 901,35,932,116 276,125,476,263 1167,209,1223,265
000110.png 925,21,959,111 1098,158,1144,266 475,173,497,231 140,161,166,233 119,149,149,234 686,170,706,227 965,212,1051,266 939,189,1006,256 968,185,1038,262 258,122,467,267 990,211,1052,265 1196,210,1241,267 258,122,467,266
000111.png 1122,158,1169,271 953,9,989,106 118,162,146,233 470,171,492,234 95,146,128,234 687,166,707,226 975,211,1066,273 237,119,461,270 969,189,1031,260
000112.png 1145,159,1193,278 464,173,487,237 1008,187,1085,271 70,145,103,240 96,161,126,237 986,0,1027,101 688,168,708,227 211,116,451,278 1014,216,1088,277 998,186,1037,238 826,202,978,315
000113.png 1170,159,1218,284 1026,0,1072,93 70,162,105,243 42,141,78,246 459,176,483,241 1039,189,1108,279 689,169,711,228 1043,220,1112,286 185,115,442,284 839,191,998,326 981,228,1020,270
000114.png 1076,0,1129,80 40,163,86,248 1195,156,1241,285 453,179,477,246 9,148,44,252 1000,188,1064,261 690,172,710,231 1026,221,1143,289 1034,189,1135,283 852,197,1027,340 154,114,433,292 154,114,433,292
000115.png 1142,0,1206,69 444,178,471,248 7,158,55,250 690,171,711,232 1224,162,1241,289 0,146,12,222 118,109,420,299 1051,190,1105,248 866,208,1063,356 0,147,14,240 1045,223,1128,298 118,109,420,299
000116.png 1102,188,1203,302 438,177,466,250 690,161,712,232 0,160,20,251 80,103,410,306 886,179,1105,371 1102,223,1205,308 1069,189,1104,233 1135,226,1205,306
000117.png 1141,187,1241,312 429,176,459,254 32,96,397,313 689,165,713,229 910,184,1160,370 32,96,396,313
000118.png 416,176,451,256 688,155,711,231 801,222,930,297 936,160,1218,370 0,88,381,323 836,140,880,188
000119.png 403,175,441,261 687,153,709,231 808,228,949,307 1,82,365,335 0,82,365,335
000120.png 388,179,429,268 0,76,348,352 687,183,709,234 819,233,971,319 195,74,230,108
000121.png 375,180,415,274 0,75,327,367 685,174,708,232 683,158,709,232 831,238,992,331 172,73,207,108 784,215,885,279 797,136,851,195
000122.png 360,182,399,282 0,76,306,367 684,186,707,236 144,70,183,105 787,215,897,285 843,243,1023,346 805,132,859,193
000123.png 342,182,385,287 1,75,281,354 682,183,706,238 900,124,987,198 107,63,155,100 813,132,871,193 859,251,1056,363 806,218,913,292 680,159,707,237 758,206,836,260
000124.png 326,179,373,294 0,75,254,354 681,168,705,237 877,258,1095,371 800,220,931,300 272,59,309,103 76,49,129,97 825,129,884,217 762,207,854,264
000125.png 306,182,353,301 1,74,225,353 809,224,950,310 681,170,704,238 901,268,1158,371 248,51,287,99 962,114,1083,188 764,208,865,268 837,127,899,184 39,40,94,89 686,163,705,240
000126.png 284,182,339,310 0,75,190,356 818,226,974,318 679,167,702,237 220,44,262,94 844,123,916,227 929,276,1216,372 983,104,1105,190 769,209,871,271 454,159,482,227 845,123,916,196
000127.png 255,183,316,322 829,229,997,327 677,164,700,237 0,96,148,368 861,116,937,175 189,34,232,89 772,209,883,276
000128.png 220,184,290,334 843,233,1028,340 676,166,698,237 0,162,101,370 0,162,101,370 153,25,201,82 874,112,960,200 1078,84,1240,194 814,140,857,193 1013,303,1240,373
000129.png 180,183,257,353 860,241,1065,356 0,234,43,371 0,181,49,246 673,166,696,240 890,109,984,201 114,11,166,72 784,215,908,290 820,140,865,197
000130.png 131,186,217,372 877,252,1108,371 672,168,696,235 787,218,925,298 205,185,280,254 916,105,1018,186 830,138,886,199 0,187,22,249 70,0,124,63
000131.png 70,188,168,373 898,258,1163,371 178,182,262,258 671,164,694,238 943,97,1058,189 843,135,902,202 795,221,944,310
000132.png 0,192,108,372 155,193,244,264 928,270,1232,372 668,163,693,245 804,225,963,321 633,162,647,188 973,89,1107,190 857,134,906,198
000133.png 130,197,224,268 0,223,35,372 667,164,691,246 962,285,1241,372 867,133,930,180 630,162,641,189 813,230,982,333 977,232,1028,295
000134.png 1010,303,1241,373 104,198,200,272 667,164,691,246 881,131,968,212 1068,68,1241,202 823,235,1011,350 900,173,914,210 722,169,741,205
000135.png 666,164,691,251 75,207,180,277 838,243,1034,367 1084,324,1241,373 900,130,998,215 723,167,741,208 720,206,763,257
000136.png 46,216,150,286 666,165,690,251 855,251,1075,372 361,161,396,247 722,171,740,209 886,188,924,217
000137.png 12,217,120,291 723,169,740,209 347,157,385,251 665,172,691,252 872,258,1121,372 950,121,1029,272
000138.png 0,219,89,297 664,167,691,248 903,264,1180,372 722,169,741,208 337,156,374,251 724,211,830,270 985,116,1073,228
000139.png 667,170,695,250 0,221,58,301 936,276,1241,372 722,168,740,208 909,191,950,229 1031,111,1135,291 729,214,836,275 621,167,631,195 799,239,886,329
000140.png 668,169,699,252 974,292,1241,373 1082,105,1212,202 317,159,355,255 0,223,25,308 835,133,928,242 723,168,742,209 621,167,631,194 734,218,851,280
000141.png 671,165,700,250 1150,90,1241,187 619,164,631,194 928,189,971,238 724,171,741,208 1032,302,1241,373
000142.png 674,163,704,249 981,198,1030,245 619,164,631,193 940,188,986,245 743,220,876,288 725,170,743,207
000143.png 677,162,707,251 751,222,886,294 619,165,632,193 465,167,480,204 957,191,1024,259 858,257,1002,372 956,192,1000,262 679,204,703,254 297,158,327,263
000144.png 682,164,714,251 880,264,1047,372 463,167,480,205 731,170,748,210 619,165,632,195 756,224,900,301 0,152,31,285 967,194,1034,272
000145.png 686,162,720,252 691,208,712,257 904,270,1101,372 462,167,478,205 620,166,632,195 732,172,750,210 431,115,444,140 765,229,918,309
000146.png 934,280,1170,372 694,167,728,251 695,209,716,256 732,170,753,212 996,197,1047,264 461,164,476,204 775,234,938,318 621,166,632,193 747,213,843,271
000147.png 699,169,737,252 784,238,962,330 203,158,279,278 737,174,755,215 422,113,436,142 700,206,726,257 460,166,477,206 754,175,767,215 972,292,1239,372 751,216,854,278
000148.png 796,244,984,341 705,172,742,249 708,210,732,260 741,175,758,215 757,177,772,214 459,168,474,208 758,219,867,283 461,169,477,205 622,169,634,199
000149.png 808,248,1010,353 713,173,751,253 717,209,743,262 411,110,428,141 748,176,763,217 458,168,474,208 624,168,636,199
000150.png 819,250,1042,363 722,169,762,245 725,205,752,259 455,164,472,207 626,170,636,200 1125,214,1171,293 405,108,421,141
000151.png 736,167,771,246 732,201,765,260 834,254,1076,369 397,104,415,135 119,159,218,301
000152.png 740,167,783,247 741,202,778,258 452,164,469,201 92,156,196,306 789,223,920,307 626,166,638,200 389,101,408,140
000153.png 753,199,788,256 750,165,797,240 381,96,403,132 1203,217,1241,305 451,159,468,200 965,184,1005,223 809,179,841,212
000154.png 763,198,804,258 765,162,806,236 373,92,394,137 449,157,466,199 807,227,958,321 627,166,637,195
000155.png 775,163,823,249 774,203,820,259 816,229,977,332 447,159,464,199 629,165,641,198
000156.png 829,238,1000,344 789,164,836,252 787,203,837,261 358,89,378,129 445,158,463,201 758,172,777,216 629,165,641,200
000157.png 801,205,853,262 839,241,1025,353 803,163,854,251 761,173,782,221 348,86,369,127 445,162,460,204 631,164,641,200 1112,109,1240,204 842,132,861,153 993,190,1038,227
000158.png 816,205,870,263 336,84,359,126 854,245,1053,363 819,162,870,251 763,172,783,221 631,164,643,201 1000,190,1044,229
000159.png 832,202,889,262 868,244,1084,371 322,81,347,124 833,160,886,249 1009,187,1104,231 785,163,804,215 763,170,787,222 442,163,455,207 1008,187,1054,229 811,157,824,209 631,165,643,200 1008,187,1074,230
000160.png 849,203,909,264 852,163,907,249 309,78,337,123 1114,184,1132,236 1016,187,1113,232 885,250,1120,372 792,170,809,216 768,172,788,217 0,2,367,348 440,163,453,208
000161.png 866,204,928,266 868,165,925,249 296,74,325,121 905,256,1162,372 1129,180,1154,245 771,172,792,222 795,170,813,218
000162.png 1145,182,1182,269 888,167,948,260 886,212,948,270 283,69,313,117 1031,194,1129,243 773,176,795,227 798,179,818,220 856,180,879,239 926,270,1213,372 634,167,648,204 819,171,834,216 727,189,794,231
000163.png 1160,179,1210,280 268,63,299,113 907,212,971,278 919,172,969,257 801,179,823,222 776,179,800,230 862,183,885,244 732,191,789,234 632,169,647,204 953,277,1240,371 1040,193,1140,248 1041,201,1083,243 1041,201,1100,246
000164.png 1178,180,1241,283 1049,200,1150,249 251,59,282,112 930,212,993,280 930,174,993,262 807,178,826,224 778,180,801,232 868,180,891,248 637,169,652,206 730,185,787,236
000165.png 1197,177,1241,277 229,54,266,111 1059,196,1161,244 959,168,1018,259 1015,295,1241,372 952,205,1020,278 782,176,805,231 1128,199,1164,245 952,201,1019,278 734,188,798,234 811,172,830,220 1059,197,1118,242 653,196,714,232 637,167,653,204
000166.png 976,206,1044,276 1066,192,1172,242 204,46,243,106 1215,183,1241,268 1140,193,1216,242 979,164,1045,258 783,172,807,227 653,193,715,230 876,174,899,238 815,170,833,217 637,168,654,204
000167.png 1002,208,1072,277 180,38,221,99 1150,194,1226,243 1019,164,1072,263 786,173,812,229 639,166,654,202 1092,194,1184,242 653,193,717,230
000168.png 154,27,200,93 1029,212,1102,283 790,175,815,231 1044,167,1106,269 1161,199,1237,248 638,167,654,202 212,60,245,100 1160,200,1196,247 654,194,719,232
000169.png 126,16,176,86 1056,211,1132,288 792,176,819,234 1059,171,1126,274 1171,203,1241,254 9,165,48,261 30,67,50,108 832,171,849,220 187,49,237,93 640,166,654,201
000170.png 93,2,147,78 1086,211,1163,292 1106,175,1164,276 830,171,849,222 794,177,822,236 640,165,654,201 1086,211,1163,291 779,184,822,238 871,185,914,232 654,194,722,234
000171.png 53,0,114,68 1114,211,1199,295 1135,174,1185,276 832,168,857,223 1114,209,1198,294 782,180,825,238 639,162,654,201 654,194,723,234 131,27,174,78
000172.png 834,168,859,223 1144,214,1233,295 1161,175,1221,270 1117,201,1161,254 10,0,74,65 797,176,826,238 651,197,722,236 637,166,652,200 785,191,826,240
000173.png 1172,177,1241,296 1124,199,1179,252 0,0,27,64 650,198,721,238 785,179,827,240 55,16,101,74 837,165,859,222
000174.png 1126,196,1188,249 1200,187,1241,292 841,159,861,218 791,174,825,238 881,180,925,232 1202,180,1241,272 782,175,825,240 645,196,718,238
000175.png 1129,197,1215,252 792,175,823,239 642,197,715,239 887,181,925,234 777,185,824,241 1213,205,1241,254 1213,206,1241,290
000176.png 1131,203,1218,260 778,192,821,246 1216,216,1241,261 636,200,711,241 887,184,925,239 864,182,894,233 623,167,638,203
000177.png 1132,210,1218,266 776,194,818,250 1216,222,1241,266 632,203,708,245 875,192,921,244 874,193,922,244
000178.png 1131,211,1220,268 1216,222,1241,268 625,203,701,247 874,192,921,245 724,204,793,252 780,192,814,250 856,185,889,238 874,191,920,245
000179.png 1129,210,1217,268 1215,221,1241,268 768,194,811,253 617,202,695,247 607,167,622,204 814,171,834,224 867,189,916,246
000180.png 1127,209,1215,268 1212,221,1241,268 760,198,804,253 863,189,911,246 851,184,878,238 772,183,804,249 924,116,965,147
000181.png 1124,210,1214,268 1210,220,1241,269 756,198,799,255 864,186,907,246 847,183,873,236 602,203,682,249
000182.png 1121,210,1205,270 855,187,903,247 1205,217,1241,271 751,202,793,255 699,209,751,254 593,203,675,251 921,114,961,146
000183.png 1119,209,1240,272 749,186,787,254 1204,214,1241,271 561,163,577,206 1118,210,1202,270 828,184,866,245 853,188,898,247
000184.png 1118,209,1240,271 739,205,784,260 855,185,896,248 1202,215,1241,270 824,186,860,239 576,205,660,255
000185.png 1121,207,1213,269 1208,211,1241,269 737,201,783,260 1051,27,1079,101 864,186,896,249 572,207,657,256
000186.png 1129,208,1222,271 855,187,899,250 740,204,785,262 745,183,785,257 825,185,864,241
000187.png 1140,213,1238,277 743,192,788,263 834,187,868,246 787,171,808,229 571,208,659,258 856,189,905,254 565,166,582,208
000188.png 1154,219,1241,284 746,194,795,269 862,193,914,259 860,192,913,259 1154,219,1214,283
000189.png 1170,220,1241,286 751,199,802,270 685,61,718,188 860,200,918,261 576,211,667,264 466,167,477,200 850,194,884,251
000190.png 1189,221,1241,286 758,186,810,271 880,192,934,261 557,174,573,211 701,222,760,270
000191.png 771,194,822,274 1213,247,1241,288 892,191,948,263 868,192,905,252 699,56,733,192 890,193,947,263 673,76,699,180 914,192,949,262
000192.png 784,198,835,277 914,192,966,263 883,193,919,253 596,214,691,268 570,173,585,212 568,176,581,212
000193.png 799,189,850,280 928,193,983,268 896,194,937,256 691,74,720,183 722,51,756,186 604,170,621,197 604,214,702,270
000194.png 912,195,952,259 1009,97,1066,281 812,222,865,283 939,195,1002,271 730,52,770,187 701,73,731,184 939,229,997,272 586,173,601,214 746,226,807,279 614,217,676,274 937,212,998,272
000195.png 738,47,778,187 826,217,881,285 928,195,972,261 962,196,1021,273 1032,93,1093,286 712,72,741,181 956,231,1016,274
000196.png 723,72,753,184 844,218,900,290 752,45,794,188 978,197,1044,278 949,198,991,267 601,177,617,217 977,197,1042,278 998,197,1043,278 977,233,1039,278 633,220,701,278
000197.png 966,200,1011,265 736,68,765,183 768,43,808,192 863,224,917,293 998,198,1066,279 768,44,808,250 997,202,1066,281
000198.png 746,66,778,183 991,198,1034,269 878,217,938,297 1023,198,1090,283 781,42,824,191 1103,81,1183,300 621,173,636,218
000199.png 1054,198,1118,285 1015,197,1058,273 791,35,838,197 898,217,960,301 760,63,791,180 1134,72,1218,304 629,180,644,217 666,220,781,285 813,229,899,296
000200.png 1037,196,1083,273 808,31,852,201 772,61,805,182 1081,199,1148,287 921,214,983,305 922,213,983,304 1177,208,1228,309 561,169,571,196 678,220,796,288
000201.png 1058,199,1111,278 652,174,668,218 1113,201,1179,288 941,216,1008,308 570,166,582,197 786,58,820,180 690,224,770,292 938,214,1008,311
000202.png 1089,201,1141,282 800,56,837,183 1144,204,1212,292 967,229,1035,318 660,177,676,219 579,169,591,197 1049,196,1091,272 845,23,890,206 705,225,829,296
000203.png 995,240,1064,325 1117,206,1171,286 670,174,688,222 589,166,601,196 1176,204,1241,277 716,228,846,302 609,167,617,190 718,228,805,302 783,230,847,299 1074,199,1120,279
000204.png 1142,208,1204,289 1017,241,1095,334 926,0,959,54 677,174,698,223 827,52,868,185 729,230,866,309 595,171,607,199
000205.png 1051,237,1127,344 692,182,706,225 741,234,885,316 605,171,616,202 1174,212,1239,295 685,184,704,225
000206.png 698,177,716,228 855,49,900,190 755,237,905,324 911,8,969,220 716,174,733,225 1212,222,1241,310 611,172,625,204 854,48,901,246 1085,233,1164,354 956,0,995,52
000207.png 870,47,913,192 1119,260,1203,366 767,242,926,333 620,174,631,205 701,177,722,232 926,2,989,220
000208.png 713,182,731,234 885,43,929,196 781,248,946,341 1147,262,1241,370 625,179,634,206
000209.png 794,251,970,350 717,184,737,236 441,134,456,164 898,38,940,165 968,0,1034,284 630,175,640,206
000210.png 911,34,962,225 723,189,741,237 630,174,642,207 806,255,995,361
000211.png 819,262,1020,370 730,196,747,240 630,178,642,209
000212.png 1093,223,1180,328 729,189,752,242 834,267,1049,372 631,184,643,210 935,26,982,157 603,183,618,210
000213.png 851,269,1086,372 19,40,68,100 1152,224,1236,291 730,187,755,245 630,181,644,210 602,182,618,211 633,179,646,209 737,185,756,243
000214.png 870,271,1126,372 1150,219,1241,334 630,175,644,209 1187,218,1241,289 633,174,646,209 810,230,951,318 730,191,748,246 746,173,762,204 728,191,743,245 739,189,757,243
000215.png 894,276,1170,372 818,230,971,322 630,176,643,209 376,125,397,161 739,187,760,243 633,176,646,209
000216.png 355,120,379,159 738,165,765,243 630,174,642,205 920,282,1229,372 829,229,997,328 640,172,650,205
000217.png 330,114,358,155 635,168,647,204 741,175,767,244 793,162,842,253 737,198,765,246 631,167,645,204 624,168,635,204 745,165,766,239
000218.png 735,164,770,247 737,197,767,248 299,105,328,151 796,163,847,258 621,167,634,203 624,169,636,202 637,170,646,202 796,199,826,259 806,163,846,230
000219.png 262,100,292,150 737,167,772,252 866,238,1078,369 615,165,632,203 624,168,637,203
000220.png 805,158,858,258 885,244,1116,372 740,171,776,254 915,160,937,219 740,200,774,255 625,166,638,205 586,167,601,208 803,202,843,268 611,167,625,203 627,171,640,206
000221.png 918,161,941,222 814,162,856,255 609,169,624,207 745,179,784,259 809,206,852,278 739,207,763,260 622,170,636,208 741,205,777,260 740,165,755,202
000222.png 813,210,858,288 746,175,787,263 606,174,620,211 818,162,875,265 620,174,632,210 921,161,1002,225 741,210,765,269 923,164,944,225 740,166,755,205 746,208,785,268
000223.png 757,180,793,272 822,162,875,269 618,175,632,214 819,211,872,291 603,174,618,213 739,168,755,208 746,212,771,274 820,212,856,293 869,179,887,213
000224.png 601,171,617,213 765,182,801,276 829,214,887,299 829,163,893,279 617,173,631,214 752,211,776,282 973,161,1035,230 739,171,755,204 756,169,771,205 752,210,794,280
000225.png 600,168,617,214 773,178,812,282 839,213,894,305 986,159,1052,232 616,171,631,213 757,164,773,207 860,163,915,263 842,162,915,280 761,213,792,286 743,167,756,204 758,213,786,281 763,214,807,286 2,0,598,364
000226.png 1105,283,1133,368 779,176,822,284 766,213,801,293 598,168,615,211 872,161,930,279 614,172,631,213 0,0,598,364 758,165,772,208 743,166,758,203 848,214,920,312 872,216,926,310 847,215,883,290 770,215,808,291
000227.png 786,179,834,296 773,216,808,302 859,217,931,324 597,168,614,212 886,159,939,294 1188,303,1221,371 759,165,774,206 744,167,758,204 614,175,630,212 893,250,1125,371 881,217,940,324 778,167,799,201 578,169,593,211
000228.png 792,182,853,308 901,158,972,302 784,221,832,313 872,219,967,334 594,169,611,214 746,170,760,207 761,166,776,208 151,169,171,230 904,219,970,328 611,171,625,215 578,171,592,213 872,220,913,308
000229.png 803,184,869,322 918,157,999,331 795,227,848,325 593,172,607,217 608,176,625,218 927,225,992,341 746,171,760,208 761,167,778,209 810,228,844,326 573,174,585,215 2,0,590,367 886,224,950,350 492,204,515,250 886,223,936,319 778,172,792,213
000230.png 821,185,889,334 916,159,1025,331 806,226,872,341 588,173,606,220 901,229,1013,361 745,170,759,209 610,177,623,218 762,168,779,209 777,169,792,217 483,199,512,254 944,232,1010,357 570,175,582,217
000231.png 832,183,910,343 951,157,1056,344 584,172,601,219 967,235,1048,372 760,168,777,210 816,238,896,357 605,177,620,218 743,170,757,209 845,238,896,357 918,235,984,341 566,174,580,215
000232.png 850,182,937,361 974,157,1092,354 759,167,775,210 742,170,755,210 830,244,914,372 598,175,614,220 463,208,496,260 578,174,596,219 997,242,1089,372 558,174,574,219 937,240,1088,371 566,174,578,219
000233.png 872,188,968,372 995,154,1140,367 574,172,592,222 851,253,944,372 759,169,775,211 450,210,486,265 961,246,1130,372 593,176,610,220 739,168,755,210 553,173,568,220 1028,247,1132,372 784,177,800,222 1001,163,1042,244
000234.png 1030,152,1193,372 903,193,1011,370 995,251,1183,372 873,263,1002,373 567,171,590,224 590,177,606,221 545,178,563,223 759,172,773,212 1026,165,1055,250 1013,165,1034,244
000235.png 940,194,1065,372 1074,152,1241,371 587,180,601,221 563,176,584,227 538,177,558,226 1120,270,1240,372 1052,270,1241,372 755,173,771,214 901,282,1049,373 736,170,751,214 430,222,466,275 784,177,799,210 966,285,1080,373 899,282,969,372
000236.png 996,194,1143,372 1157,150,1241,371 414,222,457,279 557,175,578,228 735,170,748,215 540,174,554,222 756,174,771,214 937,294,1137,373 782,176,799,210 583,179,597,221 936,296,1133,372
000237.png 1083,196,1241,372 551,171,573,230 398,218,445,284 577,178,592,222 731,170,747,214 1047,160,1096,259 1064,158,1096,260 993,322,1241,374 755,172,772,214 760,171,773,215 534,174,547,228
000238.png 1056,157,1110,261 542,171,564,231 571,178,587,223 730,168,744,215 752,169,767,215 379,214,428,290 748,168,766,215 562,175,572,219 763,171,776,214 1076,157,1112,262 526,173,540,225 933,32,1241,270 378,210,446,290
000239.png 563,174,581,224 534,171,557,231 360,210,431,297 1075,155,1125,266 1090,156,1125,266 936,15,1241,273 728,169,744,215 1067,168,1098,261 515,172,532,229 745,168,761,215 753,171,767,215 725,170,738,214 748,168,764,215
000240.png 334,214,405,305 523,171,546,234 556,177,574,223 726,165,743,215 1104,155,1143,269 745,166,761,215 509,172,525,228 1081,169,1114,264 943,4,1241,268 542,176,554,223
000241.png 512,171,536,237 1118,153,1163,274 306,219,380,316 723,166,740,218 1095,172,1132,267 498,173,515,231 741,169,759,217 547,177,565,225 533,174,547,226 532,172,542,233 964,3,1241,271
000242.png 276,224,352,326 1111,173,1149,275 503,169,525,240 542,178,559,225 1139,150,1183,282 739,167,757,218 523,172,540,229 721,166,735,219 1076,210,1117,260 492,170,506,239 468,176,490,236 610,173,619,203
000243.png 238,226,329,339 491,170,516,241 1160,145,1211,288 515,174,534,230 536,178,552,228 717,164,735,219 1126,286,1153,363 735,163,756,219 1131,169,1172,279 1090,214,1242,273 480,171,497,237 1090,216,1136,267
000244.png 193,245,302,354 505,172,527,233 478,170,505,244 527,177,545,227 1188,152,1240,294 1151,167,1197,287 733,167,754,220 1212,306,1241,371 714,166,731,221 95,174,139,233
000245.png 142,242,269,371 495,173,517,238 462,170,498,250 731,168,751,222 710,166,729,223 1174,170,1227,294 519,178,538,229 1213,139,1241,299 22,171,74,241 1123,219,1182,278 600,177,610,205
000246.png 1203,173,1241,300 451,171,485,251 485,175,508,239 709,166,728,224 511,177,529,232 729,169,749,224 73,250,230,372 707,169,726,220 594,176,603,206 754,175,771,218 1144,223,1212,284
000247.png 440,170,474,254 0,260,185,372 474,175,498,242 707,164,727,225 726,168,747,225 503,177,523,233 753,171,773,218 622,179,634,217
000248.png 426,169,461,259 707,165,725,226 724,166,745,226 463,175,489,246 496,176,516,233 0,277,128,373 754,171,773,218
000249.png 410,167,448,263 454,172,481,246 723,166,743,228 488,175,508,235 705,166,725,229
000250.png 390,167,431,269 443,174,474,248 481,177,500,235 721,166,742,230 703,165,724,230 753,173,773,222
000251.png 374,168,413,277 435,175,466,255 1055,282,1082,367 473,177,493,239 703,166,725,233 723,166,745,233 500,179,509,201 752,175,775,222
000252.png 356,170,399,285 425,178,460,261 726,169,748,237 706,169,727,236 467,181,486,242 383,172,406,258 496,180,507,202
000253.png 336,167,381,293 709,167,731,241 729,171,754,241 418,178,454,265 460,179,482,245 372,172,395,265 579,136,700,210 756,175,781,230 755,170,776,232 500,181,508,203
000254.png 313,167,365,302 407,174,446,272 733,168,758,243 713,169,735,241 453,179,475,246 358,173,384,270 760,174,783,232 764,175,788,232
000255.png 284,168,350,315 739,168,767,245 716,165,741,246 447,180,470,249 396,175,439,277 343,173,376,277 769,179,793,234 765,168,780,225 579,137,704,210
000256.png 261,170,333,330 747,169,776,249 722,165,748,251 332,174,365,282 382,177,424,285 442,180,466,252 412,178,437,270 576,137,706,212 414,179,437,242 418,180,438,228 556,178,568,215
000257.png 230,169,309,345 368,177,411,294 437,182,461,254 321,174,354,288 754,168,787,254 730,168,756,255 291,192,328,285 404,180,432,265 556,178,568,213 568,179,579,210
000258.png 194,166,274,362 311,175,344,296 765,167,799,257 740,167,765,258 355,177,403,302 395,182,425,269 435,181,459,255 271,187,315,291
000259.png 147,162,233,372 750,166,779,260 780,166,813,259 299,173,332,302 340,174,390,309 428,179,456,257 386,179,422,270 403,179,424,269
000260.png 89,162,182,372 376,175,421,277 322,172,379,321 285,172,320,310 794,162,829,261 764,158,795,262 426,179,454,259 825,163,850,240
000261.png 10,161,117,372 301,169,361,336 777,157,811,264 269,170,306,319 371,172,416,284 811,157,850,262 424,179,452,261 570,175,582,211 496,179,506,202
000262.png 275,171,342,356 366,177,412,292 792,159,836,270 0,204,26,371 249,169,287,328 830,155,875,269 416,177,448,262 498,179,509,201 401,178,423,219
000263.png 245,171,317,371 813,159,860,278 355,176,408,300 856,158,911,276 414,176,445,265 225,166,265,343 389,196,409,251 500,179,511,203 447,176,462,222 347,234,368,270 851,157,874,238 246,201,297,257
000264.png 878,157,939,284 200,166,276,371 834,158,886,287 408,177,445,268 344,175,402,309 380,204,403,257 447,175,461,221 196,201,250,356 338,235,357,276 816,182,842,243 203,204,251,260 502,180,510,202
000265.png 141,162,228,372 903,157,969,293 327,173,389,320 856,155,909,297 401,179,444,274 222,229,276,332 366,211,390,264 368,226,389,263 446,178,461,222 90,188,154,369 431,178,447,226 503,179,512,202 588,175,601,216 508,179,521,202 0,229,17,362
000266.png 932,154,1000,302 38,163,165,371 155,233,248,354 308,172,376,338 882,153,936,305 397,178,439,276 346,196,377,272 445,176,462,224 507,179,519,204 592,173,605,216 125,166,177,292
000267.png 971,150,1053,310 0,164,68,371 280,175,357,356 101,235,224,371 389,176,434,277 914,147,968,313 55,164,122,373 446,174,462,225 322,198,357,288 431,177,446,220 509,177,523,202 869,168,896,248 595,174,609,215
000268.png 1011,147,1111,324 0,160,52,371 30,241,195,372 944,145,1009,326 380,174,425,282 246,171,333,372 446,174,463,225 292,202,337,299 431,176,446,221 599,171,614,214 514,176,525,201 280,116,313,155 468,177,478,205
000269.png 1060,145,1176,343 197,169,300,372 0,252,155,373 984,141,1062,348 371,176,418,287 255,205,298,315 446,175,462,227 290,213,339,304 428,171,445,226 469,173,483,205 602,173,615,216
000270.png 1118,142,1241,368 126,165,255,372 1032,138,1117,371 362,178,408,295 0,265,99,372 445,174,461,228 200,206,254,333 250,217,319,316 400,173,420,235 606,169,620,217 427,171,445,226 469,175,482,205 513,176,525,201
000271.png 28,171,189,371 1098,136,1193,373 353,177,398,300 126,221,191,372 1201,149,1241,370 445,174,462,229 424,174,443,229 395,178,417,239 173,241,254,341 193,221,305,338 402,178,418,239 516,178,526,201 0,285,28,372 610,172,625,218
000272.png 0,170,92,370 1181,130,1241,369 340,175,389,304 444,176,462,230 423,174,442,232 130,223,276,359 613,173,630,220 515,178,526,202 635,173,646,202 181,223,275,343 124,246,214,359 0,231,30,371
000273.png 330,179,381,315 442,179,463,236 423,175,443,237 135,239,259,365 877,1,1241,328 71,260,171,372 480,176,492,208 477,177,489,210 517,179,526,206
000274.png 311,182,374,328 15,236,227,372 906,2,1240,331 441,179,461,238 419,178,441,238 623,177,639,225 382,183,405,254 481,178,492,213
000275.png 294,185,361,341 3,269,190,373 439,183,460,243 420,179,440,241 630,178,644,226 480,180,492,215 358,180,388,258 532,183,541,210 384,184,401,252
000276.png 276,183,346,347 437,181,458,244 417,177,437,243 350,177,383,261 0,285,139,373 633,179,649,232 653,179,668,211 481,179,493,215 530,181,540,213
000277.png 250,178,331,357 434,179,460,244 1014,291,1040,370 637,175,655,233 416,175,436,242 0,288,149,373 526,179,538,214 344,184,375,265 483,177,495,213 368,186,389,265 498,177,507,206 251,204,286,271 658,177,671,209 523,178,535,210
000278.png 219,176,309,370 433,175,456,244 411,171,434,237 484,173,496,212 217,205,261,278 527,177,539,210 643,171,661,231 1111,316,1143,371 497,174,507,206 217,223,253,278 334,179,366,265 534,177,547,208 664,173,677,207 645,175,659,214 356,181,382,265
000279.png 189,179,283,372 428,175,453,246 407,170,428,246 647,172,665,231 181,212,229,290 1217,207,1241,335 322,180,356,269 529,174,541,209 484,172,496,212 500,174,509,203 350,184,373,268 181,224,220,290 667,175,680,204 378,194,405,252
000280.png 143,180,254,372 426,176,451,250 141,213,190,304 403,173,424,248 1090,171,1123,278 531,178,541,208 653,171,671,229 309,180,343,274 486,173,497,213 499,174,509,205 827,196,870,239 1129,8,1241,130 672,173,686,205 334,183,360,274 536,177,548,209
000281.png 99,180,212,372 1111,173,1160,287 423,177,448,256 658,173,678,238 399,172,421,253 84,216,141,319 479,174,497,218 499,175,510,204 533,180,542,210 536,179,548,212 397,177,416,253 292,187,337,284 847,200,888,246 679,175,693,209 454,187,468,213 896,256,913,312 365,200,390,259
000282.png 35,178,155,372 1137,176,1206,297 417,181,444,260 5,219,81,333 392,174,416,258 275,190,321,292 665,174,685,241 945,269,967,337 1037,40,1240,159 481,175,497,220 357,200,383,266 533,181,543,209 682,175,698,210 535,180,548,212 851,200,906,251 501,179,510,206
000283.png 0,182,76,371 1178,174,1241,302 1013,284,1038,365 411,179,440,265 386,171,411,261 482,177,497,223 671,174,691,244 536,178,548,212 880,201,925,252 252,186,307,301 690,174,703,209 482,174,501,222 545,180,554,211
000284.png 1112,307,1144,371 405,178,435,269 377,171,406,263 220,175,282,312 483,174,500,222 677,172,699,245 505,175,517,207 536,179,548,211 51,221,88,330 546,180,555,211 880,197,945,254 534,181,545,211 695,173,708,209
000285.png 397,177,429,274 369,169,398,269 682,171,706,248 483,180,498,222 506,173,519,209 547,180,556,211 537,179,548,211 907,194,966,260 321,204,353,280
000286.png 388,179,419,279 357,168,388,274 938,195,992,267 689,172,716,252 482,175,498,224 507,173,519,209 537,181,548,212 547,181,558,213
000287.png 375,177,412,289 344,170,375,282 696,173,723,257 506,176,519,215 480,178,497,226 957,191,1020,273 537,181,548,213 930,191,1020,272 547,182,559,214 284,209,322,296 544,182,556,214
000288.png 360,178,398,295 984,206,1051,277 328,168,361,290 704,171,731,259 260,211,302,305 505,173,518,216 547,182,559,214 479,176,494,223 536,181,547,212 191,232,240,331 533,182,544,210
000289.png 308,166,346,297 344,176,383,304 1011,207,1086,283 712,169,740,263 233,215,279,314 503,174,516,216 547,181,560,214 536,180,547,212 475,175,492,227 144,250,203,346 534,180,546,207 303,240,325,271
000290.png 1043,210,1129,291 284,164,325,304 325,174,369,312 719,168,753,267 198,216,251,327 503,171,515,216 546,180,559,214 537,179,548,212 280,241,305,279 468,174,489,231 94,248,151,366
000291.png 301,174,349,326 1079,210,1177,301 260,163,304,316 158,219,216,342 727,167,763,271 463,170,485,232 503,170,516,217 27,243,98,373 251,245,281,288 537,177,548,211 342,271,352,305 547,178,558,213 826,196,847,238 462,197,481,233
000292.png 1120,216,1235,314 271,172,329,340 105,224,173,364 228,163,279,331 737,165,776,278 500,172,514,219 537,178,550,213 219,255,253,300 729,168,750,212 460,196,480,234 545,178,556,213
000293.png 237,173,298,359 189,160,245,350 41,230,121,373 1169,217,1241,311 751,167,791,285 499,170,514,222 458,170,477,235 735,169,759,213 178,265,216,315 537,176,549,213 546,177,556,212
000294.png 139,159,204,371 190,174,263,374 765,164,809,292 742,168,764,213 496,172,513,223 126,276,172,334 450,198,471,241 536,177,548,214 547,177,559,211 451,174,473,238 0,239,49,370
000295.png 75,155,151,375 780,161,829,302 127,172,217,373 748,168,772,215 492,169,512,224 60,289,112,356 446,168,468,240 881,203,913,251 536,177,549,214 547,177,559,213 442,205,466,246 126,213,178,311
000296.png 0,153,80,372 798,159,851,312 39,172,156,372 435,165,463,245 490,166,510,227 754,167,777,215 546,175,561,213 895,198,934,255 534,173,547,214 433,202,452,251
000297.png 0,171,73,371 821,159,877,326 424,164,461,248 488,163,509,232 761,168,786,216 428,200,453,255 910,194,958,259 546,175,561,213 534,173,547,214 1126,297,1157,372
000298.png 844,160,908,343 484,162,505,236 767,168,794,219 416,166,452,255 927,194,978,267 546,175,561,215 417,206,446,262 533,174,546,215 1195,188,1217,244 1225,191,1241,246 1171,193,1195,247
000299.png 875,159,945,366 401,166,441,258 478,163,500,237 774,169,800,221 951,198,1007,273 545,178,561,217 404,206,437,270 477,195,500,240 530,176,543,214
000300.png 911,159,977,372 385,170,429,269 469,165,495,241 969,200,1037,283 545,178,559,218 391,208,426,278 782,170,809,223 473,199,493,246 529,176,543,216
000301.png 959,157,1036,372 371,170,415,273 462,164,490,247 543,180,558,220 790,170,816,225 1008,204,1070,291 526,179,540,218 373,207,406,288 463,208,481,252
000302.png 1021,155,1120,372 355,169,403,282 450,163,482,257 795,171,825,227 543,178,557,220 523,176,539,218 357,215,394,298 456,209,479,259 356,212,383,299
000303.png 1109,150,1241,372 333,169,384,291 439,161,473,259 1058,209,1115,296 445,205,466,266 804,170,832,228 333,214,380,313 539,178,555,222 520,176,537,222 333,215,364,312
000304.png 300,169,363,302 1105,211,1215,325 426,160,465,267 809,171,840,231 303,223,360,328 429,203,454,275 537,180,553,223 623,169,635,206 517,177,538,223 428,200,463,271
000305.png 1152,215,1241,325 268,171,341,314 268,231,338,349 818,169,849,233 411,160,452,271 535,180,551,224 411,201,450,287 516,179,534,224 624,168,637,206
000306.png 219,167,307,332 215,233,308,372 390,157,437,285 829,169,860,235 513,179,529,224 533,179,550,225 390,205,424,300 472,170,486,209 1208,259,1241,331 114,250,144,329 390,204,439,300
000307.png 152,244,268,372 361,155,419,297 167,167,264,362 839,168,874,237 530,175,548,226 363,209,411,317 509,173,527,225 360,209,398,318 50,261,85,344 629,169,643,209 276,182,317,272
000308.png 88,165,207,373 329,153,412,316 62,259,221,372 851,168,891,240 529,176,545,225 330,214,393,340 506,174,525,228 264,189,303,257 467,169,482,209 1039,276,1064,352 275,214,303,256 630,172,644,209
000309.png 0,168,131,372 278,152,368,344 0,284,156,372 862,167,906,245 505,180,521,229 281,225,356,371 464,171,480,213 526,177,545,230 653,167,666,206 1141,300,1175,372 521,176,540,228 634,170,648,211 250,206,286,262
000310.png 221,148,323,371 216,236,323,372 877,167,921,249 520,179,542,234 503,181,520,232 462,171,479,214 637,170,650,213
000311.png 128,144,267,372 133,259,271,372 892,167,939,253 500,182,517,235 519,177,539,235 639,171,652,214 458,172,475,220
000312.png 0,137,182,371 0,286,187,371 910,166,958,256 497,180,514,236 513,177,533,235 975,174,998,258 167,214,224,279 456,171,472,216
000313.png 105,209,196,289 927,165,980,261 511,171,535,236 0,257,32,371 494,179,512,236 453,171,471,216 668,168,684,209 996,174,1023,266 647,167,662,211 645,168,659,209
000314.png 48,200,166,295 946,164,1005,265 507,175,530,236 489,173,508,235 449,166,468,216 649,164,666,214 1034,277,1059,359 670,165,686,209
000315.png 0,205,130,304 970,161,1032,269 503,174,527,236 484,170,506,236 444,163,466,214 677,165,692,210 510,173,531,233
000316.png 0,217,88,317 994,158,1064,274 479,166,502,239 502,180,524,238 440,162,464,215 680,163,694,208 651,166,668,212 1006,9,1241,317
000317.png 1024,157,1100,281 473,168,497,243 498,176,524,242 435,165,457,217 0,259,35,333 684,165,700,213 988,203,1139,270
000318.png 1058,157,1139,290 467,167,494,248 495,172,520,246 431,166,452,221 688,166,703,215
000319.png 1096,152,1185,303 461,168,488,252 489,176,517,252 693,167,713,221 425,167,450,225 1043,209,1241,305 199,170,237,222
000320.png 1142,157,1240,314 456,171,484,256 485,179,514,256 1021,272,1045,350 421,169,443,227 700,169,716,216 1081,212,1241,305 250,130,272,156
000321.png 450,172,479,258 1196,173,1241,327 482,181,509,258 706,164,725,222 414,167,441,228 676,169,696,226
000322.png 445,171,476,262 711,162,733,225 474,176,501,259 408,163,437,230 680,159,701,226
000323.png 440,167,470,263 471,178,499,263 716,160,742,227 685,160,707,227 403,165,430,229
000324.png 434,166,465,268 691,161,714,230 467,178,495,268 724,158,749,230 395,167,426,233 697,160,718,228
000325.png 461,179,497,273 730,160,756,234 425,169,459,276 390,166,421,237 697,163,723,233 840,180,862,224 918,244,935,304
000326.png 416,172,451,281 738,162,765,239 704,161,729,235 379,168,412,239 456,185,483,278 849,182,869,226 473,209,492,235
000327.png 405,173,443,289 711,159,737,241 444,175,485,284 742,160,773,241 854,175,875,227 372,168,401,243 1029,269,1055,352 460,198,487,236
000328.png 392,171,432,293 751,160,779,244 439,176,479,290 717,159,744,243 361,169,394,247 456,194,481,238 863,179,882,229
000329.png 379,170,422,298 761,158,788,244 722,161,750,247 426,176,468,298 870,177,890,229 349,169,383,250 443,195,471,240 914,172,932,223
000330.png 766,158,801,251 362,170,411,306 727,158,760,249 415,180,453,306 876,181,897,232 335,168,365,253 920,170,939,225 430,198,459,246 908,178,922,225 476,67,507,123 923,171,942,227
000331.png 732,160,765,253 346,173,396,317 773,158,811,251 398,181,443,318 884,181,904,239 321,168,351,258 415,213,446,254 927,171,945,228 416,202,443,252 529,130,538,143
000332.png 782,159,829,260 738,159,771,256 327,176,379,331 376,181,423,325 890,178,914,241 928,171,953,234 302,170,330,258 397,203,429,259 330,203,368,267
000333.png 794,160,834,266 305,172,361,338 357,179,407,333 746,159,782,263 989,268,1013,337 897,181,921,246 376,205,413,261 307,199,347,272 939,173,960,234 283,168,313,259 377,221,415,260 447,51,484,120
000334.png 752,158,797,267 802,158,844,270 1054,284,1084,366 281,170,339,347 332,179,385,345 906,178,933,250 943,174,970,241 284,202,325,278 353,207,392,267 353,220,401,268 438,46,478,115 263,169,293,229
000335.png 763,156,802,275 816,154,859,275 253,171,317,363 914,181,945,253 308,183,370,362 952,173,981,248 256,221,298,286 329,215,375,278 242,170,271,225 1146,307,1182,372 257,201,307,286
000336.png 284,183,343,372 834,152,879,279 771,153,815,279 219,174,288,371 961,170,994,249 926,179,960,256 222,217,268,297 298,217,350,289 216,167,246,223
000337.png 849,151,901,290 784,152,838,285 246,181,316,373 183,176,258,372 941,179,975,262 974,171,1007,251 267,216,325,294 188,164,217,216 181,211,237,307 268,242,325,294
000338.png 798,150,845,291 219,177,286,373 141,167,221,372 868,149,918,289 230,215,296,299 988,171,1022,253 135,209,204,316 955,181,993,256 386,7,435,58 960,210,985,268 452,132,468,163 230,245,296,299
000339.png 812,146,862,296 887,148,943,293 89,161,179,372 175,178,249,371 189,218,262,312 1007,170,1035,253 975,178,1014,253 956,180,981,248 76,204,158,323 77,203,155,323 369,0,421,47 977,206,1013,273 1046,173,1110,225
