000000.png 711,151,839,196 800,151,870,184 482,151,542,169 1181,222,1203,270
000001.png 743,153,876,200 993,154,1088,175 978,153,1090,181
000002.png 780,152,913,201 626,156,728,192 318,157,392,171 716,158,785,191
000003.png 813,156,951,205 550,160,653,194 231,160,302,176
000004.png 846,159,989,209 759,162,851,197 488,160,576,179 114,160,207,196 117,160,206,183
000005.png 881,157,1024,209 0,159,90,204 678,161,794,198 404,160,495,179
000006.png 915,159,1058,210 1190,211,1223,262 307,160,403,179 624,162,717,182 623,162,720,195
000007.png 948,160,1089,210 200,161,306,182
000008.png 976,161,1113,211 1169,214,1205,271 64,163,192,185
000009.png 1003,162,1135,211 0,163,57,187
000010.png 1023,161,1150,210 1154,214,1194,282
000011.png 1040,162,1158,210 110,163,247,189
000012.png 1050,162,1159,208
000013.png 1056,164,1158,209
000014.png 1057,164,1153,208
000015.png 1055,166,1146,208
000016.png 1049,164,1132,204
000017.png 1038,165,1119,204
000018.png 1025,167,1098,205
000019.png 1008,168,1074,202
000020.png 991,170,1051,202
000021.png 971,171,1026,202
000022.png 950,173,1001,203
000023.png 929,174,975,202
000024.png 907,173,951,200
000025.png 888,172,929,199
000026.png 870,174,908,200 957,169,980,184
000027.png 853,174,888,198
000028.png 835,172,868,197
000029.png 817,172,849,196
000030.png 801,175,830,198
000031.png 784,176,813,198
000032.png 770,176,797,197
000033.png 753,176,779,196
000034.png 736,176,761,196
000035.png 719,175,744,196
000036.png
000037.png
000038.png 678,174,702,195
000039.png
000040.png 418,185,480,231 760,200,770,235 657,172,680,192
000041.png 757,201,767,241 387,186,452,232 649,173,672,191 386,186,450,213
000042.png 757,202,766,242 357,187,425,229 357,188,421,210
000043.png 296,189,400,244 757,202,766,247
000044.png 758,205,769,252 246,190,347,215
000045.png 589,173,605,187 177,195,310,263 184,195,305,219
000046.png 620,176,642,191 118,200,247,229 578,176,595,187
000047.png 0,206,166,241 617,177,638,193 567,178,587,192
000048.png 0,212,49,247
000049.png 371,191,423,208
000050.png 341,193,400,212 0,272,53,330
000051.png 306,196,373,218
000052.png 261,199,342,222 943,270,994,375
000053.png 201,200,303,232 1053,299,1105,375
000054.png 126,201,253,237
000055.png 13,203,185,249
000056.png 304,190,361,213 0,210,90,252
000057.png 272,191,338,217 479,181,509,199 606,176,633,190
000058.png 234,194,308,222 470,183,501,202
000059.png 187,195,273,224 461,183,493,203
000060.png 159,199,230,225 446,183,484,220 448,185,483,202 126,198,230,231
000061.png 41,200,179,248 434,185,476,226
000062.png 0,203,107,248 422,184,459,202 754,212,763,260
000063.png 395,187,447,225 399,186,447,205
000064.png 381,188,428,208
000065.png 635,177,654,193
000066.png 639,176,658,192
000067.png 281,190,348,218
000068.png 220,190,307,225 184,189,307,238
000069.png 80,194,250,255
000070.png 0,199,170,342
000071.png
000072.png
000073.png
000074.png
000075.png
000076.png
000077.png 496,183,520,199
000078.png
000079.png
000080.png 461,187,493,204
000081.png 445,187,482,208
000082.png 429,188,469,208
000083.png 407,188,454,213
000084.png 380,191,432,218
000085.png 343,195,406,226
000086.png 293,197,375,231
000087.png 586,45,829,75
000088.png 125,204,251,255
000089.png 0,212,157,279 96,32,935,89
000090.png 40,25,949,79
000091.png
000092.png
000093.png
000094.png
000095.png
000096.png
000097.png
000098.png
000099.png
000100.png
000101.png
000102.png 389,190,426,218
000103.png 350,189,399,224
000104.png 304,191,367,231
000105.png 240,194,323,244
000106.png 149,198,259,257
000107.png 9,204,163,279
000108.png
000109.png
000110.png
000111.png
000112.png
000113.png 670,170,684,181
000114.png
000115.png
000116.png
000117.png
000118.png
000119.png
000120.png
000121.png
000122.png
000123.png
000124.png
000125.png
000126.png
000127.png
000128.png
000129.png
000130.png
000131.png 823,198,832,231
000132.png 845,200,857,239
000133.png
000134.png
000135.png
000136.png
000137.png
000138.png
000139.png
000140.png
000141.png
000142.png
000143.png 478,186,515,203
000144.png 454,189,497,206 452,189,497,212
000145.png 420,192,477,219 423,193,476,210
000146.png 377,195,453,233 920,165,955,178 504,175,533,198
000147.png 314,200,412,240 492,185,520,200
000148.png 206,207,356,267 1020,158,1087,179 909,164,953,179 477,186,508,203
000149.png 0,217,256,304 461,184,496,206 1017,158,1081,178 906,163,942,180
000150.png 1013,157,1078,178 444,184,505,209 900,165,935,180
000151.png 1011,160,1075,179 423,185,490,215 894,165,937,182
000152.png 395,186,466,222 1008,161,1072,180 896,165,933,182
000153.png 340,188,435,231 1005,161,1072,181 889,166,924,182
000154.png 247,189,394,252 877,167,925,184 999,161,1070,181
000155.png 70,199,305,295 283,190,355,233 870,167,920,186 997,162,1065,183 507,183,543,199
000156.png 174,192,302,248 0,210,134,295 991,163,1065,184 864,169,912,186 495,183,530,200
000157.png 39,197,226,269 857,168,909,188 989,163,1062,186 478,184,517,202
000158.png 0,204,106,280 983,165,1057,188 852,169,902,190 447,186,501,209
000159.png 979,166,1056,189
000160.png 975,166,1054,189
000161.png 971,168,1053,191 514,182,543,199 306,194,416,241
000162.png 197,199,363,280 967,168,1049,193 499,183,531,201 824,171,880,193
000163.png 963,169,1051,195 481,183,517,203 0,208,273,300 819,171,873,194
000164.png 959,168,1048,196 458,185,501,208 811,173,868,195 0,229,85,304
000165.png 431,188,479,216 950,170,1041,197 807,172,861,197
000166.png 395,190,455,223 950,170,1039,197 799,173,857,197
000167.png 340,194,418,236 944,172,1035,199 794,174,851,199
000168.png 259,200,372,255 941,173,1037,202 791,176,846,201
000169.png 113,208,290,283 935,173,1036,203 782,176,843,203
000170.png 930,174,1036,205 777,177,836,204 0,223,138,316
000171.png 928,175,1039,208 772,177,832,206
000172.png 921,176,1042,211 767,179,827,206 521,188,544,200
000173.png 916,178,1042,214 762,179,822,208 509,190,534,202
000174.png 910,180,1042,218 497,189,524,203 0,164,74,249
000175.png 906,180,1042,220 753,180,814,210 481,191,512,207
000176.png 903,180,1046,223 748,180,811,210 466,191,499,209
000177.png 898,180,1047,223 745,179,808,211 445,191,483,212
000178.png 895,180,1052,228 743,180,807,212 421,192,464,216
000179.png 894,180,1057,230 389,194,441,223 741,179,805,213
000180.png 891,180,1062,233 739,178,804,214 349,196,411,231
000181.png 886,181,1074,237 291,199,372,241 737,178,802,215
000182.png 887,182,1082,243 206,204,317,257 736,180,803,217
000183.png 887,186,1096,250 62,213,233,282 735,182,804,221
000184.png 886,188,1111,258 0,223,86,301 733,183,805,223
000185.png 889,189,1131,265 732,183,806,225
000186.png 892,190,1158,273 732,183,807,227
000187.png 896,190,1191,283 732,183,810,229
000188.png 904,191,1239,297 732,183,812,232
000189.png 914,190,1239,312 733,182,817,234
000190.png 929,194,1240,334 734,182,823,237
000191.png 954,197,1240,361 736,182,831,241
000192.png 986,202,1240,360 739,181,840,244
000193.png 1028,215,1240,372 742,180,851,248
000194.png 747,180,864,253 1093,269,1240,373
000195.png 752,180,879,258 1191,296,1240,375 497,186,523,204
000196.png 757,179,898,266 482,187,511,207
000197.png 764,178,921,273 464,187,498,208
000198.png 774,178,950,282 445,188,483,210
000199.png 785,177,986,292 421,188,466,214 512,188,537,204
000200.png 801,176,1033,307 394,189,445,217 497,190,525,207
000201.png 817,176,1097,327 358,192,418,225 481,190,513,208
000202.png 838,178,1182,354 306,193,385,234 459,189,505,218
000203.png 868,181,1240,373 235,197,340,248 433,191,486,225
000204.png 902,183,1239,373 122,200,275,265 398,193,463,232 992,119,1019,143
000205.png 949,183,1240,371 0,206,172,294 348,194,432,239 1089,99,1124,132
000206.png 1012,194,1240,372 270,199,389,257 516,149,535,168
000207.png 131,205,320,285 1102,280,1240,372 505,146,525,167
000208.png 0,214,195,332 491,140,514,163
000209.png 474,133,499,160
000210.png 452,128,480,157
000211.png 423,119,457,154
000212.png 382,106,424,150
000213.png 323,88,374,142
000214.png 219,57,286,127 219,58,265,127
000215.png 4,0,118,98
000216.png
000217.png 356,197,427,237
000218.png 300,198,389,249
000219.png 209,193,338,258 575,169,583,185
000220.png 43,188,256,282 7,232,420,371
000221.png 0,188,102,284
000222.png
000223.png 284,180,379,230
000224.png
000225.png 1,195,228,286 353,187,412,221 426,186,453,204
000226.png 310,188,382,229 0,211,45,293
000227.png 248,188,341,239
000228.png 154,192,287,253
000229.png 0,194,202,273 324,187,380,215
000230.png 0,209,58,279 281,187,349,221
000231.png 225,189,309,229
000232.png 146,190,258,240 408,183,438,203
000233.png 20,192,180,256
000234.png 0,199,61,262
000235.png
000236.png
000237.png
000238.png 199,187,282,230
000239.png 113,187,223,239 822,192,833,223
000240.png 0,189,138,252
000241.png
000242.png
000243.png
000244.png
000245.png
000246.png 289,127,315,152
000247.png
000248.png
000249.png 0,79,47,134
000250.png 59,122,81,176
000251.png
000252.png
000253.png
000254.png 246,177,334,215
000255.png 163,176,279,223 0,226,39,258
000256.png 21,176,199,238
000257.png 0,177,69,254
000258.png
000259.png
000260.png
000261.png 0,224,27,252
000262.png
000263.png
000264.png 0,228,26,257
000265.png
000266.png
000267.png 0,225,27,255 98,216,127,244
000268.png
000269.png
000270.png
000271.png
000272.png
000273.png
000274.png
000275.png
000276.png
000277.png
000278.png
000279.png
000280.png 226,174,306,205
000281.png 153,175,257,209
000282.png 45,175,192,218
000283.png 0,176,87,222
000284.png
000285.png
000286.png
000287.png
000288.png
000289.png
000290.png
000291.png
000292.png
000293.png
000294.png 311,133,333,155
000295.png 262,124,288,153
000296.png
000297.png 88,94,129,136
000298.png
000299.png
000300.png
000301.png
000302.png
000303.png 200,173,288,207 0,221,26,250
000304.png 97,174,223,214
000305.png
000306.png
000307.png
000308.png
000309.png
000310.png
000311.png
000312.png
000313.png
000314.png
000315.png
000316.png
000317.png
000318.png
000319.png
000320.png
000321.png
000322.png
000323.png
000324.png
000325.png
000326.png
000327.png
000328.png
000329.png
000330.png
000331.png
000332.png
000333.png
000334.png
000335.png
000336.png
000337.png
000338.png
000339.png
000340.png
000341.png
000342.png
000343.png
000344.png
000345.png 910,199,924,241
000346.png
000347.png
000348.png
000349.png 155,175,237,214
000350.png 67,173,176,219 319,167,333,201
000351.png 0,172,88,224 287,166,305,200
000352.png
000353.png 186,163,221,207
000354.png 112,159,154,214
000355.png 499,171,516,185 302,174,374,202
000356.png 494,170,511,184 236,187,297,205
000357.png 491,169,507,185 128,173,262,230
000358.png 484,169,502,185 0,171,150,246
000359.png 477,171,497,186
000360.png 470,172,490,186
000361.png 461,172,482,186
000362.png 450,173,473,188
000363.png 440,172,466,190
000364.png 426,170,456,190
000365.png 410,169,443,190
000366.png 392,169,428,190
000367.png 369,169,411,193
000368.png 343,168,390,195
000369.png 308,167,364,198
000370.png 261,168,331,203
000371.png 197,167,286,206
000372.png 102,166,221,213
000373.png 0,163,126,223
000374.png 0,170,241,196
000375.png 0,171,235,197
000376.png 0,171,213,196
000377.png
000378.png
000379.png
000380.png
000381.png
000382.png
000383.png
000384.png
000385.png
000386.png
000387.png
000388.png
000389.png
000390.png
000391.png
000392.png
000393.png
000394.png
000395.png 0,224,26,250
000396.png
000397.png
000398.png 0,223,28,247
000399.png
000400.png
000401.png
000402.png
000403.png
000404.png
000405.png
000406.png
000407.png
000408.png
000409.png
000410.png
000411.png
000412.png
000413.png
000414.png
000415.png
000416.png
000417.png
000418.png
000419.png
000420.png
000421.png 665,172,954,207
000422.png
000423.png
000424.png
000425.png
000426.png
000427.png
000428.png
000429.png 673,172,1232,209
000430.png 692,170,1195,212
000431.png 312,177,366,201
000432.png 265,177,331,204
000433.png 202,176,287,212
000434.png 105,176,224,217 666,171,1238,210
000435.png 0,175,127,249
000436.png
000437.png
000438.png
000439.png 687,170,1240,227
000440.png 970,199,986,240
000441.png 0,288,117,373 683,169,1239,247 1094,204,1112,259
000442.png 0,280,140,374 676,168,1240,253
000443.png 0,268,162,374
000444.png 0,250,180,373
000445.png 0,233,197,373
000446.png 0,219,212,373
000447.png 0,213,226,372
000448.png 0,210,239,372 631,169,1240,252
000449.png 0,207,249,372 658,170,1240,252
000450.png 0,204,260,373 686,167,1240,242
000451.png 0,202,269,373 677,166,1240,237
000452.png 0,201,278,374 686,166,1240,244
000453.png 0,199,288,373 683,167,1240,245
000454.png 0,198,297,373 695,168,1239,236
000455.png 0,197,306,372 698,165,1240,239
000456.png 0,197,315,373 697,164,1240,233
000457.png 0,196,325,372 837,185,848,214
000458.png 0,195,333,365 879,189,890,220 698,165,1240,231
000459.png 0,195,342,358
000460.png 0,194,350,353
000461.png 0,193,359,344
000462.png 20,192,366,337
000463.png 48,191,375,330
000464.png 75,190,384,323
000465.png 100,189,391,318
000466.png 124,190,398,313 0,214,127,285
000467.png 146,189,404,306
000468.png 166,189,413,302
000469.png 185,188,418,297
000470.png 203,187,425,292
000471.png 219,187,431,288
000472.png 234,186,436,286
000473.png 249,186,442,281
000474.png 262,186,446,279
000475.png 275,187,451,278
000476.png 286,186,455,274
000477.png 297,183,460,269
000478.png 308,182,463,266
000479.png 316,188,467,269 1014,201,1030,241
000480.png 326,192,469,271 1155,200,1176,268
000481.png 334,190,473,266
000482.png 341,186,476,262
000483.png 349,185,479,257
000484.png 356,184,483,257
000485.png 364,185,485,255
000486.png 369,184,488,250
000487.png 375,182,490,249
000488.png 381,181,492,247 723,173,762,191
000489.png 388,183,495,247
000490.png 394,184,498,246
000491.png 399,184,501,245
000492.png 405,184,503,244
000493.png 410,187,506,245
000494.png 415,187,507,244
000495.png 420,187,510,241
000496.png 425,186,512,240
000497.png 429,184,516,238
000498.png 434,181,518,233
000499.png 437,178,521,231
000500.png 441,177,522,229
000501.png 445,178,525,229
000502.png 448,180,524,229
000503.png 452,180,527,229
000504.png 455,181,530,228 757,175,783,193
000505.png 458,180,530,226
000506.png 461,181,532,226
000507.png 464,180,533,225 0,225,27,254
000508.png 467,180,536,224
000509.png 470,180,537,223
000510.png 473,181,539,223
000511.png 477,181,541,223
000512.png 480,181,543,221 878,195,887,216
000513.png 484,180,545,220 411,175,436,191
000514.png 487,180,547,221 393,180,421,194
000515.png 491,181,550,219
000516.png 495,180,552,219 343,176,382,197 706,184,720,212
000517.png 498,180,554,218
000518.png 501,177,556,215 257,174,325,202
000519.png 505,177,559,214 187,173,274,206 741,184,761,228 0,219,37,252
000520.png 507,178,560,214 78,173,202,220 758,186,782,235
000521.png 510,179,561,216 780,192,805,244
000522.png 514,179,565,214
000523.png 517,178,567,213
000524.png 519,179,569,213
000525.png 521,179,571,212
000526.png 524,178,573,211 0,225,25,254 1152,237,1240,338
000527.png 526,178,574,212
000528.png 529,178,576,211
000529.png 532,177,578,210
000530.png 534,178,578,208
000531.png 535,177,580,207
000532.png 537,178,581,209
000533.png 539,182,582,210 0,222,25,251
000534.png 542,181,584,211
000535.png 544,180,585,208
000536.png 546,177,587,207
000537.png 548,176,588,207
000538.png 550,174,588,209
000539.png 550,174,590,209
000540.png 552,175,590,209
000541.png 554,175,592,208
000542.png 554,168,592,204
000543.png 557,166,594,202
000544.png 558,171,594,201
000545.png 558,176,594,203
000546.png 559,177,594,202
000547.png 560,177,594,202
000548.png 561,177,595,203 825,134,851,158
000549.png 561,178,595,204 861,124,896,156
000550.png 562,178,595,205
000551.png 563,179,594,203 1002,95,1049,141
000552.png 1146,63,1212,128 563,179,594,201 562,169,594,201
000553.png 563,179,594,202
000554.png 562,180,595,203
000555.png 565,181,595,205
000556.png 566,184,596,206
000557.png 566,183,597,205
000558.png 566,184,597,205
000559.png 568,181,597,202
000560.png 568,178,597,198
000561.png 568,177,597,197
000562.png 570,178,598,198
000563.png 571,179,598,199
000564.png 571,179,598,200
000565.png 571,179,598,198
000566.png 571,178,598,198
000567.png 572,176,598,197 1182,221,1202,277
000568.png 573,176,599,195
000569.png 573,176,599,195
000570.png 573,176,599,196 827,135,847,156
000571.png 574,176,599,197
000572.png 574,175,599,195 901,120,929,150
000573.png 574,175,599,195 158,99,192,132
000574.png 574,177,599,197 1049,93,1089,137
000575.png 1197,71,1240,127 575,178,600,197
000576.png 576,175,601,197
000577.png 576,179,601,198
000578.png 576,179,601,199
000579.png 576,181,601,199
000580.png 577,180,601,199
000581.png 577,179,602,198
000582.png 578,178,601,197
000583.png 577,178,601,197
000584.png 576,178,601,197
000585.png 576,179,600,197
000586.png 576,178,599,197
000587.png 575,179,598,197
000588.png 575,179,598,197
000589.png 575,179,598,197
000590.png 575,180,598,198
000591.png 575,180,598,197
000592.png 575,178,597,195
000593.png 575,178,597,195
000594.png 575,179,598,196
000595.png 575,180,598,198
000596.png 575,180,598,197
000597.png 576,178,598,194
000598.png 576,177,599,192 261,175,330,209
000599.png 576,175,599,190 196,173,300,211
000600.png 105,173,206,217 577,174,599,190
000601.png 0,173,106,226 576,175,599,190
000602.png 577,175,599,190
000603.png 577,174,599,190
000604.png 578,175,599,191
000605.png 578,176,600,191
000606.png 580,177,601,193
000607.png 581,177,602,192
000608.png 582,176,602,191
000609.png 582,174,602,191
000610.png 582,174,602,189
000611.png 582,173,603,188
000612.png 583,172,603,187
000613.png 583,171,603,187 1152,208,1232,229
000614.png 584,172,605,187
000615.png 585,172,605,188
000616.png 586,174,606,189
000617.png 588,176,607,190
000618.png 590,174,608,190
000619.png 590,174,610,189
000620.png 591,173,611,187
000621.png 591,174,612,188
000622.png 591,174,611,189
000623.png 591,176,611,191 912,192,926,225 271,167,338,205 271,167,338,205
000624.png 591,176,611,191 221,165,302,208
000625.png 150,166,256,215 591,175,611,190
000626.png 46,165,193,223 591,174,610,190
000627.png 591,174,611,188 0,165,98,228
000628.png 591,173,609,187 497,166,518,180
000629.png 591,172,609,186 493,165,518,180 579,160,590,169
000630.png 590,172,609,185
000631.png 589,169,609,183
000632.png 589,168,609,183
000633.png 590,171,609,185
000634.png 589,172,607,188
000635.png 589,177,608,193
000636.png
000637.png 588,177,608,192
000638.png 588,176,608,190 487,171,517,186
000639.png 588,173,607,187 359,180,390,198 480,169,508,184
000640.png 586,172,606,186 329,174,379,200 474,169,495,184
000641.png 290,171,350,208 586,172,606,185 472,168,500,184 474,167,512,185
000642.png 238,170,313,212 585,172,605,185 467,171,486,184
000643.png 164,172,262,216 585,172,604,185 1072,135,1239,204 427,172,453,187
000644.png 50,172,188,224 585,172,604,185 414,170,442,191
000645.png 0,173,71,252 585,173,604,186 448,172,470,187 468,170,494,187 393,170,432,194 384,166,433,197
000646.png 585,173,603,186
000647.png 584,172,603,185
000648.png 585,172,602,185 417,176,442,189
000649.png 584,172,602,184 403,174,435,190
000650.png 584,171,602,185
000651.png 204,169,290,206 584,172,602,185
000652.png 122,168,236,214 585,171,602,185
000653.png 0,168,158,227 305,175,361,201 584,172,602,186
000654.png 0,170,34,233 260,174,330,206 584,173,602,186
000655.png 584,172,602,184 203,172,291,209 440,172,463,185
000656.png 118,171,236,218 431,173,450,184 583,171,602,183
000657.png 0,174,155,227 423,173,442,184 583,171,601,183
000658.png 411,173,436,186 583,172,601,184
000659.png 583,172,601,183 399,172,425,187
000660.png 583,172,602,183 386,174,411,189
000661.png 368,174,400,192 306,121,328,145
000662.png 349,174,385,194
000663.png 181,101,217,134 323,175,365,199
000664.png 70,81,117,125 293,174,341,200
000665.png 253,174,311,202
000666.png 200,174,273,206 200,174,273,207
000667.png 126,176,221,212 127,176,221,213
000668.png 18,175,149,227
000669.png 0,174,34,228
000670.png
000671.png
000672.png
000673.png
000674.png
000675.png
000676.png
000677.png
000678.png
000679.png
000680.png
000681.png
000682.png
000683.png
000684.png
000685.png
000686.png
000687.png
000688.png
000689.png 270,173,295,190
000690.png 259,175,285,191
000691.png 244,175,272,192
000692.png 228,175,257,195
000693.png 207,176,237,196
000694.png 180,178,216,200
000695.png
000696.png 745,185,757,213
000697.png 49,177,118,214 111,186,136,199 754,176,768,217 728,188,743,211
000698.png 0,178,64,220 73,178,110,204 740,190,758,230 777,191,786,221
000699.png 38,182,79,207 1031,192,1045,214 0,193,24,213 758,192,778,232
000700.png 0,181,43,209 821,194,833,234 782,195,805,238 997,192,1003,211
000701.png 929,186,941,219
000702.png
000703.png
000704.png
000705.png
000706.png
000707.png
000708.png
000709.png
000710.png
000711.png
000712.png
000713.png
000714.png
000715.png
000716.png
000717.png 890,215,902,276
000718.png
000719.png
000720.png
000721.png
000722.png
000723.png
000724.png
000725.png
000726.png 788,135,810,157
000727.png
000728.png 853,120,883,150
000729.png
000730.png 989,90,1036,137
000731.png 1129,59,1199,125
000732.png
000733.png
000734.png
000735.png
000736.png
000737.png
000738.png 936,202,947,231
000739.png
000740.png
000741.png
000742.png
000743.png
000744.png
000745.png
000746.png
000747.png
000748.png
000749.png
000750.png
000751.png
000752.png
000753.png
000754.png
000755.png
000756.png
000757.png
000758.png
000759.png
000760.png 882,127,907,153
000761.png
000762.png
000763.png 1087,93,1131,139
000764.png
000765.png
000766.png 817,185,827,205
000767.png 846,188,856,212
000768.png
000769.png 935,193,946,223
000770.png 1006,195,1021,234 621,177,643,195
000771.png 1117,202,1141,250
000772.png
000773.png
000774.png 610,176,632,193
000775.png 606,177,628,192
000776.png 604,176,626,193
000777.png 601,176,623,194
000778.png 597,177,620,194
000779.png 593,178,616,195 1194,234,1240,262
000780.png 589,177,612,194
000781.png 586,176,608,193
000782.png 582,175,606,193
000783.png 579,176,603,193
000784.png 575,177,597,194
000785.png 572,177,594,194
000786.png 567,176,591,194
000787.png 565,176,588,194 764,184,773,206
000788.png 562,177,586,194 785,185,795,212
000789.png 559,178,583,195 815,188,825,217
000790.png 856,193,867,228 555,180,580,197
000791.png 552,180,577,198 916,199,929,239
000792.png 549,180,574,198 1012,196,1034,261
000793.png 547,181,570,199
000794.png 546,181,568,201
000795.png 543,182,566,200
000796.png 541,182,564,200
000797.png 539,183,563,200
000798.png 537,183,560,200
000799.png 536,183,559,200
000800.png 535,181,558,198
000801.png 534,180,558,196
000802.png 532,177,557,194
000803.png 532,177,556,194
000804.png 531,180,557,198
000805.png 531,185,557,203
000806.png 531,186,558,204
000807.png 533,184,558,202
000808.png 535,182,559,202
000809.png 535,181,559,200
000810.png 535,181,560,198
000811.png 535,180,560,200
000812.png 535,180,560,200 759,194,772,232
000813.png 535,181,561,198 796,196,813,242
000814.png 535,181,560,198 856,204,878,264
000815.png 535,181,560,198
000816.png 534,180,559,200
000817.png 532,180,559,200
000818.png 531,180,558,199
000819.png 1082,278,1143,307 531,180,557,199
000820.png 529,180,556,199
000821.png 530,181,556,199
000822.png 530,180,555,200
000823.png
000824.png
000825.png 528,180,554,200
000826.png 528,180,554,198
000827.png 529,180,554,199
000828.png 529,180,555,198
000829.png 530,179,555,198
000830.png 530,179,555,198
000831.png 530,177,557,198
000832.png 532,179,559,199
000833.png 534,182,559,201
000834.png 535,183,561,202
000835.png
000836.png 537,182,563,199 210,175,268,198
000837.png 167,175,240,199 539,181,565,198
000838.png 115,172,200,201 541,177,566,196
000839.png 46,173,151,204
000840.png 0,172,90,209 543,180,569,197
000841.png 545,180,570,197
000842.png 547,178,572,197
000843.png 549,180,574,198
000844.png 550,180,575,198
000845.png 551,181,576,198
000846.png 551,180,578,198 443,178,462,189
000847.png 552,180,577,197
000848.png 553,180,578,196
000849.png 553,176,578,195
000850.png 553,178,578,196
000851.png 553,177,578,197 392,177,414,191
000852.png 377,177,401,192 554,177,578,196
000853.png 360,175,395,192 555,177,579,196
000854.png 340,174,378,193
000855.png 317,174,356,194 555,176,579,194
000856.png 290,172,330,193
000857.png 256,170,304,195 554,175,577,192
000858.png 215,170,279,194
000859.png 164,169,243,200
000860.png 97,169,196,208 553,171,576,190 786,199,798,232
000861.png 9,170,135,216 552,171,575,189
000862.png 0,174,57,229 552,171,575,189
000863.png
000864.png 551,171,573,190
000865.png 691,197,1239,373 550,173,572,190
000866.png 550,174,572,190 696,196,1239,372
000867.png 701,197,1237,373 548,175,570,191
000868.png 703,194,1237,373 547,176,568,192
000869.png 710,200,1237,373 546,176,566,191
000870.png 544,175,565,190
000871.png
000872.png
000873.png 537,174,559,191
000874.png 534,175,554,191
000875.png 528,176,549,190
000876.png 523,175,544,190 740,170,776,184
000877.png 516,176,537,191
000878.png 508,174,529,191
000879.png 499,177,521,192
000880.png 488,176,510,193
000881.png 475,176,498,193 662,172,694,187
000882.png 462,177,484,194 641,172,674,188
000883.png 449,178,470,194 625,172,656,188 495,182,521,224
000884.png 610,172,638,187 434,178,456,194
000885.png 581,172,613,188 418,178,440,194
000886.png 400,178,421,195 563,172,593,188
000887.png 368,184,408,252 822,185,838,226
000888.png 364,183,386,199
000889.png 489,175,520,190 344,181,365,197
000890.png 459,175,494,189 322,178,345,198
000891.png
000892.png 276,182,298,198
000893.png 377,177,407,192
000894.png 344,177,379,195
000895.png 833,195,846,227
000896.png 836,186,860,232 275,176,312,195 158,187,188,202
000897.png 559,185,571,225 560,186,570,209
000898.png 151,223,205,258 200,178,237,195 537,188,548,226 840,181,852,203 92,184,118,199 874,199,890,242
000899.png 54,186,79,202
000900.png 13,191,41,206
000901.png 70,185,109,205 836,187,848,218
000902.png 21,187,61,207
000903.png 284,222,324,242
000904.png
000905.png 853,183,870,237
000906.png 867,199,886,242
000907.png 889,199,908,257
000908.png
000909.png
000910.png
000911.png
000912.png 468,183,479,214
000913.png
000914.png 383,188,395,228
000915.png 325,193,337,236
000916.png 244,192,262,249
000917.png
000918.png
000919.png
000920.png 398,181,408,205
000921.png 563,174,576,200
000922.png
000923.png 519,173,530,205
000924.png
000925.png 457,182,468,211
000926.png 417,187,429,223
000927.png 365,190,381,236 347,183,355,200
000928.png
000929.png
000930.png
000931.png
000932.png
000933.png
000934.png 506,186,516,215
000935.png
000936.png 429,183,443,227
000937.png 378,190,394,235 910,204,930,247
000938.png
000939.png
000940.png
000941.png
000942.png
000943.png 348,196,359,228
000944.png 291,199,303,234 506,184,518,215 1098,128,1240,177
000945.png 218,204,232,243 473,187,482,220
000946.png
000947.png 375,193,388,237
000948.png
000949.png
000950.png 5,218,37,307
000951.png
000952.png
000953.png
000954.png 498,187,509,218
000955.png 463,190,475,223
000956.png 419,192,434,231
000957.png 361,195,379,241
000958.png 286,185,309,255
000959.png
000960.png 504,185,515,212
000961.png 473,185,484,218
000962.png 433,182,449,225
000963.png 392,187,408,232
000964.png 335,198,350,243
000965.png 257,203,273,257
000966.png
000967.png 39,170,59,187
000968.png
000969.png 477,186,489,208
000970.png 450,187,460,213
000971.png 417,189,428,221 356,190,368,226
000972.png 378,193,391,227
000973.png
000974.png
000975.png
000976.png 0,227,24,311
000977.png 853,167,886,178
000978.png 860,168,890,178
000979.png 865,168,895,177
000980.png 873,166,901,176
000981.png
000982.png
000983.png
000984.png
000985.png
000986.png
000987.png 951,160,986,169
000988.png
000989.png
000990.png
000991.png
000992.png
000993.png
000994.png
000995.png
000996.png
000997.png
000998.png
000999.png 924,127,1239,165
001000.png
001001.png 387,190,400,221
001002.png 807,188,819,224
001003.png 318,196,330,234
001004.png
001005.png
001006.png
001007.png
001008.png 473,180,487,209
001009.png
001010.png
001011.png
001012.png 839,192,852,231 376,190,389,228
001013.png 330,199,344,238
001014.png 266,203,281,250
001015.png
001016.png 144,196,394,271
001017.png 20,182,403,290
001018.png
001019.png 922,310,1239,374
001020.png
001021.png 475,183,486,215
001022.png
001023.png 395,185,410,231
001024.png
001025.png
001026.png
001027.png 543,179,555,208
001028.png
001029.png 479,183,491,219
001030.png
001031.png 384,191,398,235
001032.png
001033.png
001034.png
001035.png
001036.png
001037.png 36,238,113,286 467,185,479,221
001038.png
001039.png 357,193,372,242
001040.png 273,196,290,256
001041.png 143,203,169,271
001042.png
001043.png 807,123,818,147 424,183,439,224
001044.png 782,122,794,149
001045.png 760,123,771,149
001046.png
001047.png
001048.png 688,124,700,149
001049.png
001050.png 641,129,653,154
001051.png 619,133,630,156
001052.png 597,126,609,153
001053.png 629,123,640,144
001054.png 608,120,620,144
001055.png 586,119,596,148 857,176,976,232 528,132,540,156 708,79,732,98
001056.png
001057.png 536,117,549,145
001058.png 416,183,429,221 507,110,520,138
001059.png 473,102,488,134 361,182,375,226
001060.png 436,101,451,135
001061.png 392,103,409,139
001062.png 343,97,360,138
001063.png
001064.png 206,64,225,120 233,126,251,166
001065.png 104,42,124,109 183,125,204,165
001066.png
001067.png
001068.png
001069.png
001070.png
001071.png 30,186,113,201
001072.png
001073.png 0,45,37,169
001074.png
001075.png
001076.png
001077.png
001078.png
001079.png
001080.png
001081.png
001082.png
001083.png
001084.png
001085.png 123,181,187,199
001086.png 37,183,115,201
001087.png
001088.png 16,191,134,230
001089.png 57,189,161,226
001090.png 90,188,186,223
001091.png 124,186,208,220 644,191,1180,373
001092.png 151,185,233,216
001093.png 175,184,247,213 639,184,1161,372
001094.png 635,185,1172,373 198,183,264,211
001095.png 638,187,1174,374
001096.png
001097.png
001098.png 639,189,1193,373
001099.png 638,189,1190,372
001100.png 638,188,1185,373
